0.015839,-0.063607,-0.037761,
0.055940,0.034930,-0.086010,
0.079784,-0.067918,-0.013818,

-0.306162,-0.192344,0.154353,
-1.055053,-0.890318,0.660946,
-0.353847,0.216098,0.656809,

0.114002,-0.306515,-0.200004,
0.330130,-0.209939,-0.480356,
-0.134754,-0.366618,-0.585242,

0.102409,0.064782,-0.115564,
0.014961,-0.033204,-0.030916,
0.110457,-0.022925,-0.058965,

-0.282163,0.294013,-0.244285,
0.398671,0.312907,-0.801114,
0.003385,-0.991027,0.225824,

0.270115,-0.029512,-0.225660,
-0.152625,0.059518,-0.294083,
-0.147144,-0.509947,-0.025981,

0.000264,-0.160757,-0.617189,
-0.709698,0.213052,-0.102848,
0.272859,-0.679544,0.538937,

0.090165,0.183181,0.349007,
-0.338431,-0.257620,-0.215894,
0.278542,0.244682,0.008652,

0.266734,-0.085949,0.062062,
-0.845382,-0.177221,0.369705,
-0.524834,0.050704,-0.037151,

-0.057493,0.117330,-0.514983,
0.211731,-0.077940,-0.237435,
0.190193,0.045016,0.272310,

0.384425,0.452274,1.002490,
0.227021,0.497477,0.868561,
-0.095645,0.103190,0.521958,

-0.344446,-0.697127,0.064805,
-0.066281,-0.444630,0.071422,
0.074935,0.126211,-0.170297,

-0.143320,-0.666558,-0.005760,
-0.379653,0.284162,0.431344,
0.372112,0.448555,-0.148528,

0.020637,0.284968,0.291323,
0.225401,-0.260984,-0.310212,
-0.083266,0.051997,-0.237069,

0.048274,0.002487,0.423080,
0.107227,-0.180173,-0.115817,
0.022551,0.151206,-0.150221,

0.532408,-0.769891,-0.633929,
-0.706268,-0.554628,0.080027,
0.223822,-0.080984,0.127367,

-1.106262,-0.585095,-0.612112,
-0.126874,-0.010665,-0.099774,
0.412144,0.576916,0.324516,

-0.493137,0.040401,0.087256,
0.709573,0.356851,-0.078406,
0.267861,0.309324,-0.176818,

-0.419497,0.044455,-0.160919,
-0.167861,-0.162264,-0.004723,
0.074217,0.043010,0.012828,

-1.539694,-0.951849,-0.495534,
-1.372391,-0.469755,-0.634979,
-0.515658,-0.201746,0.687773,

-0.758918,-1.224673,-0.295381,
-0.296488,0.336795,-0.052611,
-0.646320,-0.412518,0.405126,

0.291376,-0.237840,-0.037789,
-0.027707,0.205902,0.352918,
-0.222701,-0.044091,-0.284427,

-0.090797,-0.167841,-0.159832,
0.144323,0.226882,-0.458911,
0.464154,0.542440,-0.530739,

0.057517,-0.300354,0.033644,
-0.074373,0.262667,0.421259,
-0.278314,0.435456,0.278039,

-0.028337,-0.531815,-0.648065,
-0.197902,-0.455582,0.060288,
0.099657,0.212354,0.169303,

-0.068703,-0.104345,0.146062,
0.031771,-0.352114,0.025835,
0.184448,-0.107964,0.021576,

-0.792581,-0.505999,0.057107,
-0.407682,0.116063,0.126260,
0.271045,-0.021211,-0.470275,

-0.013615,0.343582,0.416862,
0.252707,0.315510,0.130437,
-0.008036,-0.033153,-0.535434,

0.287102,-0.299104,-0.441223,
-0.277513,-0.406945,0.196249,
-0.328209,0.121558,-0.022089,

-0.054074,-0.129142,-0.096974,
-0.065781,0.089561,-0.024810,
0.115449,-0.152230,-0.024173,

-0.168875,0.748292,0.010049,
0.413877,0.338057,-0.503335,
0.280425,-0.041898,0.411309,

-0.043858,0.385647,0.459455,
-0.036862,0.301361,0.308094,
0.045127,-0.095585,0.370341,

0.074735,-0.073913,-0.001630,
0.004951,0.104533,-0.082202,
0.047689,0.024397,-0.076753,

0.055600,-0.191369,-0.121964,
-0.071634,-0.169399,0.064788,
0.267356,0.253509,-0.923258,

0.295328,0.159910,-0.232881,
0.254378,0.038696,-0.346115,
0.131616,0.013027,-0.314290,

0.031570,0.137970,0.127889,
0.024142,-0.006473,0.088267,
0.015187,0.051736,-0.054513,

0.164486,0.055300,-0.207346,
0.016989,-0.639291,-0.125152,
-0.536287,0.311102,0.426020,

0.422375,0.008590,-0.135561,
-0.021362,-0.651825,0.426635,
-0.571924,0.079056,0.412790,

-0.171721,0.146135,0.227457,
-0.338212,0.610435,-0.320232,
-0.736639,0.033273,0.088660,

-0.655610,0.057232,0.366447,
-0.542555,0.406551,0.269063,
-0.359026,0.271744,0.008701,

-0.028943,-0.392266,-0.236779,
-0.373367,-0.301276,-0.051859,
-0.091061,-0.152820,-0.601941,

0.630373,0.173038,-0.064917,
0.097035,-0.599084,-0.198133,
-0.489827,-0.029548,-0.015865,

-1.287153,-0.846821,-0.667461,
-0.902099,-0.115723,-0.461015,
-0.456479,-0.328368,0.353824,

0.246194,-0.267433,0.093415,
-0.080323,-0.275544,-0.025991,
-0.138697,-0.204586,-0.653184,

-0.503952,-0.026996,0.130864,
-0.113703,0.522116,0.079053,
0.408254,0.272662,-0.341221,

-0.207742,-0.301493,-0.724403,
-0.238030,-0.310946,-0.219657,
0.185922,-0.202714,-0.210135,

0.028916,-0.617717,-0.626461,
0.197070,-0.468167,-0.231579,
0.040908,-0.059800,0.154288,

0.135233,-0.140996,0.211492,
-0.076893,0.062754,0.174940,
-0.158454,0.059667,-0.192800,

0.105409,0.097517,0.205800,
-0.431319,0.077033,0.089189,
-0.021213,0.139542,-0.412815,

-0.291080,-0.092621,0.462744,
-0.525028,-0.085571,0.224868,
-0.810635,0.329579,-0.106096,

-0.061112,0.064776,0.114580,
-0.204084,-0.089606,0.132447,
-0.252652,0.166391,0.021336,

0.021320,-0.085475,-1.028850,
-0.401810,-0.546016,-0.260665,
-0.542212,-0.287576,0.325993,

-0.570408,0.013595,-1.215423,
-0.052638,0.617939,-0.205625,
-0.105826,0.315017,0.977348,

0.129744,-0.239817,-1.204284,
0.359374,0.162852,0.059375,
0.277724,0.262649,0.325082,

0.288332,0.164850,-0.274170,
0.231847,0.105995,-0.309079,
0.111640,0.210894,0.169157,

-0.502332,-1.139106,-0.635641,
-0.146943,0.011775,-0.416875,
-0.174884,0.317269,0.139728,

0.631158,-0.524186,0.013830,
-0.251083,0.012851,0.312160,
-0.167181,0.327439,-0.061732,

-0.026804,0.143706,0.152013,
0.020700,0.128005,-0.036628,
-0.011155,-0.171707,-0.536482,

0.119551,-0.070118,-0.230629,
0.131768,-0.146066,-0.135793,
-0.219114,0.071676,0.011725,

-0.322851,-0.442069,-0.216385,
-0.212239,0.044241,0.050151,
0.316313,0.065965,0.008207,

0.074384,-0.859839,-0.408573,
-0.579345,0.371424,0.128199,
0.243388,0.534688,-0.086623,

0.128651,-0.095088,0.036320,
-0.101641,-0.006644,0.010101,
-0.067683,0.051639,0.067414,

-0.132330,0.091685,-0.091100,
-0.115256,-0.064274,-0.021664,
-0.462346,0.052843,-0.109799,

-0.071392,-0.103164,-0.186798,
-0.304102,-0.610945,-0.296482,
-0.158237,-0.208550,-0.388213,

-0.078275,0.010718,0.067779,
-0.040307,0.073764,0.044702,
-0.067953,-0.005732,0.025826,

0.010998,0.023473,0.014272,
0.048458,-0.094876,-0.009998,
-0.091029,0.051937,-0.019155,

-0.064235,-0.049820,0.022097,
0.028770,0.066321,0.013723,
-0.141151,-0.077049,-0.046482,

0.058724,0.089343,-0.013584,
0.053832,-0.106305,-0.074788,
0.025148,0.043150,-0.066774,

0.003412,-0.088856,-0.025840,
-0.026511,-0.087352,0.028769,
-0.087758,0.042700,0.024720,

-0.092375,-0.014933,-0.042050,
-0.035875,0.043862,0.009204,
-0.071959,-0.059376,0.016196,

-0.022071,-0.097019,-0.076781,
0.004445,-0.061944,-0.076042,
-0.106284,-0.051609,-0.111285,

-0.021924,-0.032262,-0.082151,
0.037400,-0.045620,-0.019638,
-0.103792,-0.038636,0.011436,

0.033887,-0.083349,0.052818,
0.045170,0.051929,-0.040232,
-0.039774,-0.020462,-0.071819,

-0.080193,-0.086534,-0.064165,
0.000608,-0.113922,-0.088058,
-0.092123,0.005177,0.021132,

-0.015443,0.074628,-0.091062,
-0.005167,-0.098095,0.056042,
-0.045957,-0.120673,0.062733,

-0.025239,-0.118983,0.042601,
-0.067419,-0.076380,-0.135043,
-0.086546,0.013310,-0.087255,

-0.142877,0.006562,-0.047016,
-0.054667,0.009479,-0.107752,
-0.066829,-0.072975,-0.041469,

0.043540,0.024814,0.077611,
0.056368,-0.054850,-0.010029,
-0.061005,-0.023039,0.022336,

0.031038,0.011977,0.067602,
-0.061309,-0.119515,0.000992,
-0.054158,-0.001706,-0.126465,

-0.008135,0.040546,-0.116355,
-0.094791,-0.115336,-0.086527,
-0.040203,0.040483,-0.054987,

-0.173632,-0.036344,-0.120217,
-0.034297,-0.041476,-0.155180,
-0.049127,-0.046708,-0.034336,

-0.003705,0.031644,-0.042952,
0.060015,-0.018636,-0.084498,
0.004654,0.069291,0.045366,

0.027216,-0.061052,-0.129033,
0.038529,-0.118678,0.017578,
0.042711,-0.070865,-0.010594,

0.112634,-0.050669,0.124288,
0.011280,0.027633,-0.023422,
0.061707,-0.064166,-0.052965,

-0.128090,0.003614,-0.012730,
-0.069756,-0.025276,0.052887,
-0.045954,0.044947,0.051121,

-0.080221,-0.068034,-0.111695,
0.042477,-0.104564,-0.046558,
0.016027,-0.022877,0.001769,

0.026589,-0.116953,0.029702,
0.014808,-0.036205,-0.137944,
0.066325,-0.111262,0.037839,

-0.014530,0.030589,-0.008826,
-0.119211,0.060000,-0.002544,
-0.023388,-0.003218,-0.046994,

0.013503,-0.081863,-0.129137,
-0.025312,0.008328,-0.066174,
-0.110831,0.032381,0.007180,

0.006274,0.025074,-0.114879,
-0.111279,-0.038827,-0.050248,
0.057911,-0.053192,0.022875,

-0.091208,-0.027346,-0.035243,
-0.017971,-0.000764,0.077597,
0.076002,0.082820,-0.042053,

-0.076613,-0.022811,-0.130470,
0.031140,-0.050537,-0.060768,
-0.017490,-0.063621,0.017061,

-0.031765,0.068160,-0.061623,
-0.108992,-0.089415,0.000721,
-0.023678,-0.059308,0.040419,

0.082381,0.072468,-0.090947,
0.068043,-0.099071,0.037454,
0.018938,0.002585,-0.047353,

-0.021554,-0.080434,-0.056727,
0.072578,0.055096,0.032958,
-0.044738,-0.024509,-0.053583,

0.015013,-0.065080,0.035164,
0.061943,-0.082045,-0.047540,
-0.044968,-0.077040,-0.022036,

0.073780,-0.089757,0.032360,
-0.028191,0.045856,0.079424,
0.077967,0.036764,-0.020772,

-0.014287,0.008157,-0.016665,
-0.104439,0.078632,-0.052818,
0.032864,0.016877,0.050413,

-0.088503,0.074433,-0.098102,
0.056102,0.026807,-0.102936,
-0.015168,0.006620,-0.013139,

-0.056803,0.042331,0.076765,
-0.039388,-0.042924,0.069057,
-0.038531,-0.013873,0.012286,

-0.086575,-0.042182,-0.044962,
-0.098720,-0.091991,-0.169312,
-0.095865,-0.143479,-0.028663,

-0.073535,0.022464,0.005515,
-0.110748,0.084771,-0.132850,
-0.087109,-0.121484,-0.083872,

0.033210,0.044825,0.063964,
-0.042594,-0.014048,-0.139351,
-0.066726,0.014479,0.072034,

0.041480,-0.020082,0.025979,
-0.120648,-0.120742,0.009736,
-0.107103,-0.135590,-0.210710,

-0.109096,-0.165052,-0.109563,
-0.040438,-0.049334,-0.124782,
0.077058,0.052669,-0.027452,

-0.149488,-0.005355,-0.025131,
-0.095646,-0.124776,0.018300,
-0.140121,-0.176501,-0.121761,

-0.059011,0.005025,-0.123721,
-0.125146,-0.133769,-0.024667,
-0.109040,-0.050156,-0.013790,

0.002616,-0.077087,0.028855,
0.114840,-0.040404,0.059575,
-0.018077,-0.064881,0.047891,

-0.067324,-0.120855,-0.178255,
-0.047921,-0.133212,-0.026651,
-0.069703,-0.102070,-0.089052,

0.017542,-0.092186,0.021176,
-0.101959,0.043998,0.002996,
0.033356,-0.039101,0.004526,

-0.017774,-0.054760,-0.037379,
-0.078746,0.001486,-0.049528,
0.035571,-0.041718,-0.073727,

0.008119,0.059719,-0.151863,
-0.122337,-0.018054,-0.028816,
0.049183,-0.043600,-0.047728,

-0.044904,-0.007498,-0.102947,
-0.037703,-0.148348,-0.141257,
-0.110228,0.055880,-0.147608,

0.003735,-0.030925,-0.042450,
0.063464,-0.162798,0.046536,
-0.116384,-0.193592,-0.099146,

-0.058103,-0.013039,-0.122907,
0.059999,-0.114030,-0.111845,
-0.040320,0.018251,-0.019350,

0.050074,0.037378,0.101023,
-0.004115,0.012851,-0.116464,
0.076493,0.057858,0.025522,

-0.115311,0.085113,-0.105003,
-0.058654,0.082836,0.044122,
0.086589,0.009373,0.035821,

0.032779,0.049421,-0.000616,
-0.009577,0.061449,-0.085608,
-0.085048,0.017691,0.024998,

0.017016,-0.136457,-0.197188,
-0.121892,0.020538,-0.066521,
0.008779,-0.084147,-0.095235,

0.058992,-0.114381,-0.136207,
-0.031008,0.030063,-0.057439,
-0.065504,0.098431,0.023719,

0.046336,-0.080377,-0.073217,
-0.107758,-0.102115,-0.209165,
0.084920,-0.079468,-0.144201,

-0.009362,-0.034006,0.011783,
-0.106781,0.007902,0.012363,
-0.127645,-0.112608,-0.193869,

0.082512,0.085763,-0.028514,
0.042857,0.105441,0.017133,
0.108840,0.023447,-0.092458,

-0.059464,-0.109552,0.058774,
-0.156004,0.044878,-0.094151,
-0.071270,0.035263,-0.127624,

-0.036253,-0.065984,-0.026124,
0.006848,-0.003037,-0.099365,
-0.035119,-0.018434,0.020929,

0.011389,-0.007095,-0.006681,
-0.035878,0.035123,-0.104504,
-0.026578,-0.027985,0.052184,

0.017603,-0.107364,-0.019534,
-0.175988,-0.054854,-0.113458,
0.033919,0.129574,0.042979,

-0.073040,-0.044965,0.017847,
0.023165,0.049995,-0.021166,
0.060012,-0.032038,0.101089,

-0.011800,-0.103764,0.048912,
-0.042882,0.024851,-0.086232,
-0.052279,0.057004,-0.121390,

0.408208,-0.274101,-0.393543,
0.528091,0.118599,-0.060598,
0.095835,0.472597,0.428524,

0.066139,0.319893,0.103522,
-0.053178,-0.028892,0.074901,
-0.174266,0.006037,-0.383073,

0.052012,-0.008175,0.023962,
0.042457,0.001481,-0.089214,
-0.028994,-0.066212,0.080323,

0.323998,0.455410,0.250333,
-0.413944,0.156655,-0.193287,
-1.156632,-1.005607,-1.128744,

-0.541289,-0.606165,-0.448153,
-0.619591,-0.213130,-0.232388,
0.224532,0.419786,-0.016889,

-0.216296,-0.580636,0.240541,
-0.522171,-0.058458,-0.388770,
0.652348,0.106209,-0.730508,

-0.255212,0.109229,0.230714,
-0.270112,0.224982,0.102189,
-0.095680,-0.417997,-0.932932,

-0.334745,-1.555761,-0.790399,
0.124273,-0.475367,-0.817114,
0.226160,0.531300,-0.310994,

-0.344598,-0.143568,0.001944,
-0.061085,0.038726,-0.353677,
-0.371672,-0.274229,-0.489946,

-0.373239,0.086148,-0.497893,
-0.220307,0.216599,-0.082468,
-0.078766,-0.555278,-0.235152,

-0.060318,-0.401465,-0.489615,
0.325579,0.076506,-0.160126,
0.626306,0.220507,0.411174,

0.141726,-0.024429,0.093983,
0.139743,-0.194773,-0.376808,
0.463980,0.232643,0.159864,

-0.262414,0.030046,-0.053494,
-0.195827,0.186260,0.098681,
0.045760,0.219289,-0.136239,

-0.667161,-0.241451,-0.472635,
-0.297402,0.279944,0.119306,
0.076504,0.502768,0.033837,

-0.174152,-0.360866,-0.560717,
0.519844,0.044717,-0.878361,
0.516913,-0.018130,-0.561541,

0.212705,0.192766,-0.224055,
0.224756,0.164949,-0.231102,
0.229380,-0.105420,-0.417109,

0.577808,0.094230,0.396329,
-0.173948,-0.173600,-0.079584,
0.248240,-0.720640,0.112559,

-1.256793,-0.640360,-1.113940,
0.069123,0.148759,-0.699510,
0.094029,0.179035,-0.781712,

-0.112832,-0.522561,-0.645361,
-0.814021,-0.465075,0.019044,
0.594768,0.150116,-0.259414,

-0.239196,-0.437150,-0.645110,
-0.358011,0.091845,0.062485,
0.446460,-0.164428,-0.052190,

-0.457310,-0.838448,-0.289473,
-0.092380,0.060995,-0.014958,
0.767329,0.913547,0.609362,

0.477040,0.412983,0.156293,
0.186952,0.193007,-0.157163,
0.049541,-0.297608,-0.040899,

-0.072364,-0.798622,-0.181300,
-0.755693,-0.479844,0.212492,
0.332675,0.325130,0.564708,

-0.668634,-0.443166,-0.452909,
0.512249,0.314293,-0.207265,
0.576990,0.202028,-0.079953,

0.066147,0.054974,-0.139210,
-0.152159,-0.251327,0.016942,
-0.269264,-0.422992,0.267731,

-0.232094,0.076179,-0.276110,
-0.141500,-0.085454,0.221041,
0.196146,-0.252000,0.024358,

-0.835609,-0.251946,0.085836,
-0.360654,-0.482778,0.061059,
0.317172,0.340637,0.527203,

0.138306,-0.074419,-0.638003,
0.023087,0.403433,-0.073323,
0.659568,0.700538,0.487575,

0.073507,0.051252,-0.000740,
-0.052631,0.054606,0.092816,
-0.030043,0.038663,0.124706,

-0.075816,0.455574,0.098001,
-0.590330,0.216143,0.138456,
-0.447110,-0.385192,-0.272794,

-0.057989,-0.186566,-0.094583,
-0.137492,-0.090208,-0.431603,
-0.083187,-0.138044,-0.086868,

-0.104699,-0.132644,-0.066583,
0.025507,0.031497,0.009655,
0.083303,0.027202,-0.064391,

0.068392,0.358128,0.009925,
-0.404566,-0.177955,0.213746,
-0.515076,-0.500706,0.077682,

-0.772212,-0.380519,0.329317,
0.165017,-0.996118,0.302521,
0.640384,-0.113610,-0.134697,

0.054545,0.025718,0.146718,
0.108967,-0.038613,-0.087545,
0.015197,0.102757,-0.043622,

0.387277,0.270674,0.184594,
0.569101,-0.403023,-0.449492,
-0.440484,-1.161204,-0.928614,

0.397773,0.372838,0.050984,
0.162836,-0.300534,-0.175399,
-0.220662,-0.502645,-0.255617,

-0.325717,0.073029,-0.254343,
0.283719,0.369841,0.132510,
0.401104,0.195361,0.516076,

0.072602,-0.256565,-0.087079,
-0.411512,-0.251032,-0.138101,
-0.043237,-0.006408,0.025177,

0.103458,-0.495958,-0.224145,
0.090541,-0.674199,-0.896490,
-0.316486,-0.558219,-0.449039,

-0.264748,-0.136189,-0.067151,
-0.152695,-0.102473,0.138838,
0.044672,0.061971,0.028509,

0.140408,0.228228,-0.131446,
0.289151,0.136785,0.009656,
-0.160173,-0.058182,-0.344472,

-0.150418,0.322780,-0.158421,
0.315090,0.311675,0.347106,
0.288188,0.096216,0.267411,

0.641344,-0.007248,0.063996,
0.081888,-0.823437,-0.689413,
-0.634941,-1.401178,-0.886435,

0.543692,0.227282,0.528699,
0.312779,0.160257,0.075602,
0.086351,-0.441860,-0.213437,

-0.114124,0.508449,0.274478,
-0.341062,-0.777519,0.120820,
-0.060840,-1.266094,-0.501662,

-0.189968,-0.274365,-0.121064,
0.137390,0.202498,-0.003856,
0.239586,0.381479,0.311602,

0.001624,0.084835,0.232633,
0.077137,-0.074895,0.016982,
0.331435,-0.180488,-0.189486,

-0.096928,-0.416655,-1.009234,
0.052648,-0.520076,-0.220760,
0.536447,-0.210453,0.201916,

-0.182256,-0.217781,-0.258588,
0.038882,-0.008108,0.008452,
-0.126453,-0.072469,-0.001740,

-0.177902,-0.031616,-0.413160,
0.380613,-0.071026,-0.903243,
0.533796,-2.090076,-1.561690,

0.401733,0.346484,0.411552,
0.295823,-0.081439,-0.451666,
0.105569,-0.861337,-0.655948,

0.268056,0.725430,0.365358,
0.063236,-0.407276,-0.007234,
-0.024914,-0.982367,-0.344190,

0.080044,0.453688,0.186531,
0.242424,-0.132749,-0.026413,
-0.154579,-0.745139,-0.196076,

0.029621,0.218486,-0.120584,
0.226687,-0.140684,-0.140534,
-0.022737,-1.494058,0.161323,

0.086119,-0.255659,0.102943,
0.349960,0.099564,-0.028781,
0.300423,-0.228038,-0.166809,

-0.052865,-0.186471,-0.050470,
-0.233624,-0.588326,-0.499271,
-0.117175,-0.450390,-0.180615,

-0.460781,0.496379,0.152284,
0.036345,0.126657,0.281064,
-0.209825,-0.209716,0.232252,

0.396507,0.203399,0.081615,
-0.321418,-0.575388,-0.562363,
-0.460129,-1.138699,-0.165225,

0.404246,0.229138,0.264195,
0.096521,-0.138708,0.388995,
-0.117444,-0.249051,0.211687,

0.115268,0.055433,-0.007963,
-0.050499,0.110833,0.169699,
0.061154,0.100141,0.001270,

-0.136066,-0.163338,0.268641,
-0.312578,-0.514464,0.076086,
-1.687669,0.245729,-0.237451,

-0.046807,-0.080328,-0.166451,
0.133427,0.013498,-0.053288,
0.053403,-0.192556,-0.167719,

0.021288,-0.096158,0.004611,
0.008070,-0.012884,0.041683,
0.098224,0.020502,0.035045,

-0.295841,-0.132642,-0.073917,
-0.051290,0.055343,0.108534,
-0.059574,0.106861,0.067384,

-0.381026,-1.192248,-1.159361,
-0.472314,-0.776792,-0.620945,
-0.595141,-0.522636,0.159227,

-0.103611,-0.004902,0.056054,
-0.035134,-0.090027,-0.059346,
-0.041731,0.026086,0.070871,

-0.223611,-0.393970,-0.408556,
0.361841,0.393570,-0.085860,
0.370917,0.144989,-0.227957,

0.057830,-0.147387,-0.100591,
0.041542,-0.025526,-0.158745,
0.101907,0.000428,0.027097,

-0.635987,0.164637,0.034715,
-0.554237,-0.223511,-0.122294,
-0.144343,-0.142676,-0.016633,

0.109582,0.107973,0.252918,
-0.068017,0.166215,0.255893,
-0.144359,-0.022081,0.167608,

-0.212530,-0.338902,-0.530578,
-0.090629,-0.400387,-0.338345,
0.347473,-0.123197,-0.461416,

0.256556,0.149705,0.029380,
0.158580,0.121226,-0.026520,
-0.026754,-0.079218,0.057152,

0.019767,-0.005408,0.037794,
-0.108237,-0.071120,0.078068,
-0.199304,-0.028160,0.017914,

-0.407762,-0.243599,0.036236,
-0.345800,-0.181225,0.121797,
-0.044403,-0.497010,-0.011718,

-0.052130,-0.450501,-0.752779,
0.109284,-0.140814,-0.885197,
0.109116,-0.093057,-1.147238,

-0.301577,-0.674214,-0.200591,
-0.058033,-0.348897,-0.393646,
0.113783,-0.078131,-0.241482,

-0.562371,-0.760785,-0.290993,
-0.707219,-0.499696,-0.596923,
-0.657633,-0.594848,-0.304299,

-0.305786,-0.285482,-0.038461,
-0.196173,-0.228640,-0.094543,
-0.178136,-0.276565,0.079126,

-0.284682,-0.064466,0.230333,
-0.511241,-0.155489,-0.056249,
-0.433012,-0.147102,-0.199135,

-0.399224,0.259311,-0.046939,
0.067905,-0.514710,-0.099095,
-0.237670,-0.331006,0.112485,

0.153360,0.319754,0.295838,
-0.047862,0.068091,0.139684,
-0.229676,0.004591,0.152047,

-0.517554,-0.413766,-0.294228,
-0.634067,-0.205700,-0.409889,
-0.148361,-0.632484,-0.393869,

-0.061197,-0.499551,-0.812189,
0.200636,-0.301246,-0.219596,
0.368754,-0.301390,-0.022180,

0.110993,0.120547,0.107428,
-0.236941,-0.606449,-0.134528,
-0.563190,-0.915389,-0.393543,

-0.470236,-0.672184,-0.592606,
-0.029698,-0.400297,-0.164978,
0.243055,-0.364202,-0.077370,

-0.220968,0.455812,0.108479,
-0.611589,-0.508444,0.269863,
-0.257517,-0.596721,0.080371,

-0.048711,-0.207728,0.013829,
-0.027801,-0.292630,0.043283,
0.105302,0.013037,0.025470,

-0.063685,-0.002659,0.095533,
0.083886,0.133327,0.281380,
0.221214,0.188759,0.221619,

-0.771984,-0.053398,0.046452,
-0.108697,0.086194,-0.055324,
-0.016304,0.245576,-0.292984,

0.498736,-0.542424,-1.403525,
0.390904,0.221500,-0.788401,
0.280436,0.221031,-0.495105,

-0.659987,-0.153786,-0.177491,
-0.531855,-0.297648,-0.439815,
-0.696175,-0.685986,-0.771728,

-0.079299,-0.053854,0.032581,
-0.005079,-0.044376,0.006485,
-0.061415,0.013807,0.067381,

0.247782,-0.191639,-0.307516,
0.141378,0.304654,-0.325929,
-0.125311,0.191840,-0.226626,

0.069739,-0.091192,-0.108863,
0.010972,0.095828,-0.089435,
0.090187,0.043315,0.061107,

-0.070492,0.049483,-0.055875,
0.071168,0.039578,0.039705,
-0.020386,0.081100,-0.017763,

-0.809391,-0.518376,-0.670879,
-0.277511,0.075313,-0.061429,
0.021134,0.328695,0.304886,

-0.162716,-0.658212,-0.394607,
0.246855,-0.311908,-0.580106,
-0.136703,-0.569559,-0.043000,

0.065618,-0.117359,0.017711,
0.182791,0.056284,-0.097678,
0.181287,-0.040417,-0.112451,

-0.339435,-0.258692,-0.277646,
0.132045,0.230669,-0.054803,
0.112796,-0.050603,-0.095709,

0.117462,0.349282,0.297473,
0.086790,0.294789,0.218401,
-0.098798,0.001158,-0.004176,

-0.299277,0.245300,0.028993,
-0.520959,-0.197271,-0.062834,
-0.376321,-0.316489,0.011175,

0.171476,0.175468,0.354700,
0.029132,-0.041718,-0.235125,
0.080219,-0.272338,-0.261263,

-0.061956,0.128895,0.127356,
-0.739417,-0.725458,-0.064921,
-0.314813,-0.782240,-0.710141,

0.394723,0.433885,0.009784,
0.117095,0.219447,-0.094459,
-0.551442,-0.114749,-0.303487,

-0.940890,-0.325925,-0.932422,
-1.078667,-0.961882,-0.960498,
-0.527084,-0.547903,-0.250903,

0.230288,0.230743,-0.051108,
-0.150653,-0.451151,-0.759395,
-0.316012,-0.334405,-0.542903,

-0.242730,-0.312780,0.768023,
-0.475129,-0.185310,0.539294,
-0.430399,-0.417976,0.055853,

0.564133,-0.260407,-0.402123,
0.265557,-0.281399,-0.562891,
0.395517,0.123207,-0.103335,

0.280555,0.095801,0.160232,
0.064296,-0.399611,-0.577967,
-0.437792,-0.508753,-0.388649,

-0.031626,0.884968,0.737175,
-0.620750,0.603987,-0.088241,
-1.010582,-0.919897,-0.828367,

-1.007935,-0.556446,-1.038755,
-0.134132,0.001203,-0.438341,
-0.000049,0.043207,-0.052663,

0.381358,-0.276502,0.134689,
-0.558262,0.204267,-0.040018,
0.466508,-0.373376,0.115172,

0.031504,0.434896,0.175609,
-0.293969,0.048033,-0.170771,
-0.473642,-0.518133,-0.563126,

-0.005557,0.312221,-0.191790,
0.064723,-0.252965,-0.277879,
-0.087237,-0.229198,0.084615,

-0.134303,0.209731,-0.366617,
-0.012830,-0.279948,-0.237998,
0.451375,0.183629,0.245409,

-0.481852,-0.017428,0.727564,
-0.733140,-0.115790,0.295768,
-0.298496,-0.083084,0.128047,

-0.275870,0.000836,0.416155,
-0.307485,0.170669,0.350722,
0.274491,0.572413,0.598116,

-0.181330,0.056504,0.488993,
-0.688182,-0.057941,0.081326,
-0.405680,-0.093465,0.059685,

0.236097,-0.018447,0.235253,
-0.278101,-0.456962,-0.031656,
-0.251935,-0.296584,-0.182230,

0.125360,0.146504,0.309074,
-0.135052,-0.108471,-0.111627,
-0.266607,-0.094349,-0.045667,

-0.009947,-0.096070,0.410437,
-0.123918,-0.415050,-0.129763,
0.675347,0.556710,0.018589,

0.687265,0.208571,-0.630287,
0.292707,-0.031647,-0.413338,
-0.043063,-0.122780,-0.179556,

-0.285586,-0.158965,0.013281,
-0.411162,-0.292163,-0.040694,
-0.231596,-0.026785,0.270684,

0.023674,0.055198,0.076700,
0.012953,-0.083465,0.036094,
-0.141848,-0.065661,-0.051681,

0.370672,0.196547,-0.753493,
0.160507,-0.132386,-0.739798,
0.020065,-0.191693,-0.395857,

-0.482616,-0.149828,-0.293857,
0.131506,-0.104629,-0.199207,
-0.044719,-0.186179,-0.216896,

-0.042185,-0.046522,-0.097651,
-0.035672,-0.030429,0.096647,
-0.022773,-0.034177,0.078432,

0.023606,-0.096882,-0.124035,
0.053011,-0.014209,-0.122404,
-0.009582,-0.039423,0.057421,

-0.116387,-0.007883,-0.078770,
0.011080,-0.057176,-0.088929,
0.074310,-0.057747,0.001826,

0.054344,0.052807,-0.078354,
-0.077707,-0.104042,0.023503,
0.082009,0.059755,-0.056004,

-0.025045,-0.112352,0.042670,
-0.070062,-0.010612,-0.105327,
-0.049074,0.094557,-0.043208,

-0.081942,-0.000937,-0.043826,
0.040717,-0.034899,-0.023096,
-0.026183,0.057881,-0.128900,

-0.069988,-0.079074,-0.048601,
0.041725,-0.019747,-0.005049,
0.041650,-0.021276,-0.022432,

-0.122233,-0.153255,-0.116348,
-0.151465,-0.043539,-0.108887,
-0.040015,0.015853,-0.086884,

0.045790,-0.054135,0.030537,
-0.099641,0.039673,-0.005620,
-0.173163,-0.125802,0.070773,

-0.157057,0.012386,-0.066527,
-0.022672,-0.067185,0.015828,
-0.054695,-0.005205,-0.140323,

0.083206,-0.016006,-0.040248,
0.033910,0.025133,0.027688,
0.004917,0.078024,-0.032285,

-0.129169,-0.080467,-0.139946,
-0.018030,-0.008193,0.007426,
-0.097517,-0.081550,0.079254,

-0.017535,-0.109986,-0.109001,
-0.049979,-0.108287,-0.170555,
-0.091655,-0.075267,0.027936,

-0.014607,-0.000723,-0.095768,
-0.145707,-0.009671,-0.089731,
0.042886,0.003247,-0.056423,

-0.149350,-0.051037,-0.100939,
-0.110394,-0.040032,-0.181518,
-0.054891,-0.006115,0.000518,

0.009774,0.072983,0.010304,
0.042855,-0.028971,-0.055393,
0.047144,-0.127279,-0.069763,

0.005474,-0.088654,-0.106826,
-0.103171,-0.058588,-0.105203,
-0.073026,0.017110,-0.187372,

0.031754,0.013616,0.074443,
0.072264,-0.066838,0.002633,
0.000203,-0.010242,0.079427,

-0.200155,-0.013411,-0.123306,
-0.081343,-0.120476,-0.008850,
-0.086916,-0.059243,-0.185571,

-0.017537,0.035323,-0.004643,
0.076509,0.094454,-0.168716,
0.070554,0.014320,-0.065618,

-0.000079,-0.039195,0.023131,
-0.026493,-0.018068,-0.071385,
-0.058930,-0.149823,-0.126526,

-0.059170,0.046869,-0.165748,
-0.096737,-0.139386,-0.048844,
-0.093544,-0.108404,-0.213899,

-0.033762,0.009539,-0.144505,
-0.050107,-0.078551,-0.128023,
-0.063589,-0.025515,-0.023765,

-0.049496,-0.066397,-0.147095,
-0.033674,-0.091383,-0.108141,
-0.118580,-0.089183,0.015741,

0.013260,-0.068115,-0.027844,
-0.111544,0.071843,-0.158119,
0.123661,0.031427,-0.058821,

-0.130346,0.063250,-0.055002,
-0.051682,-0.029459,-0.112419,
-0.046311,0.098349,-0.043607,

0.098832,-0.020080,-0.087207,
-0.065755,0.055472,-0.057790,
0.084258,0.122540,0.066301,

-0.107659,-0.059680,-0.010800,
0.024018,-0.024872,0.020749,
0.054045,0.031713,0.078596,

-0.124139,-0.087414,-0.002179,
-0.108825,-0.142858,-0.137840,
0.078723,-0.040611,0.025232,

-0.067577,-0.113296,-0.062656,
-0.005937,-0.102778,0.037232,
-0.045454,0.014015,-0.086396,

-0.006030,-0.039807,-0.083012,
0.021454,0.048697,-0.148543,
-0.116312,0.015526,-0.099826,

0.012894,-0.004341,0.029024,
-0.068588,0.101178,0.060077,
0.004959,-0.098664,0.085132,

0.024562,-0.053083,-0.053991,
-0.013778,0.106201,-0.046441,
-0.010660,-0.124466,-0.064797,

0.422543,0.242396,0.353074,
-0.060454,-0.196333,0.175733,
-0.299421,-0.268659,-0.337822,

-0.209219,-0.195916,-0.247155,
-0.569289,-0.271970,-0.269711,
-0.518366,-0.300264,-0.187719,

0.008981,-0.085287,0.047887,
0.088528,0.047529,-0.094003,
0.103674,0.066401,0.013762,

-0.932483,-0.272993,-0.885692,
-0.301725,-0.591692,-0.067207,
-0.453236,0.279955,0.361112,

-0.330533,-0.178791,0.500196,
-0.436836,0.963867,0.138226,
-0.043822,-0.251987,0.594054,

-0.825609,-0.272470,-0.151625,
-0.674638,-0.189241,-0.125315,
-0.762131,-0.076041,0.213736,

-0.050401,0.113242,0.042502,
-0.056827,-0.120072,0.111293,
-0.050806,0.064921,0.362277,

0.013977,-0.133786,-0.158002,
-0.220755,-0.262020,-0.230825,
0.004671,-0.031911,-0.282016,

0.053780,-0.189635,-0.058280,
0.020583,0.191318,-0.008656,
0.156874,0.057807,-0.019571,

0.312990,-0.213926,-0.050372,
0.515075,0.125673,-0.429918,
0.636350,0.731710,0.236624,

0.390474,0.499374,0.039971,
-0.204681,-0.095094,0.151821,
-0.181685,-0.170268,-0.676348,

-0.059376,0.207165,-0.180414,
0.083317,0.126516,0.483756,
-0.405226,-0.373143,-0.076468,

0.363097,-0.181482,0.517398,
0.055847,0.404514,0.036135,
0.264164,-0.058214,-0.306837,

-0.072020,-0.346001,0.081492,
-0.073875,0.316249,-0.045284,
0.162833,0.033217,-0.367547,

-0.280552,0.331618,-0.059982,
-0.032558,0.103071,0.223531,
-0.571584,-0.304845,0.301823,

-0.042327,0.342770,-0.031787,
-0.109681,-0.415954,0.072334,
-0.441642,0.467149,0.652961,

0.022859,0.108155,0.606718,
0.164255,0.065086,0.102034,
0.026104,-0.316634,-0.068265,

0.089664,0.087272,-0.078022,
0.084341,-0.024822,0.018177,
-0.099683,0.091382,0.040660,

-0.593498,0.105474,-0.158916,
-0.913273,-0.534438,-0.230774,
-1.057902,-0.040031,-0.337479,

0.204869,0.089442,-0.111832,
0.516466,-0.104985,-0.243480,
0.599718,-0.449223,-0.283862,

0.515025,-0.045382,0.508320,
-0.168096,0.472437,0.183644,
-0.495021,-0.531336,-0.203776,

0.280278,0.488455,0.143275,
0.125819,-0.085864,-0.154712,
-0.380814,-0.020781,0.210339,

0.062685,0.010421,-0.182002,
-0.067752,0.016871,-0.173302,
-0.185691,-0.925107,-0.121591,

-0.335624,0.362046,0.142806,
0.169458,0.045816,0.149746,
-0.473958,-0.412108,0.784313,

-0.063383,-0.147747,-0.007119,
-0.180082,-0.168767,0.139666,
-0.090845,0.046583,0.000219,

-0.679340,-0.502111,-0.003139,
-0.516962,-0.358749,-0.085747,
-0.026656,0.105113,-0.140117,

0.102133,-0.319038,-0.082762,
0.262619,0.112810,0.145068,
0.195203,-0.195600,-0.359507,

-0.207925,0.425159,0.154807,
0.287658,0.216214,0.329339,
-0.524927,0.034044,0.004531,

-0.046717,0.019200,0.105593,
0.095248,0.166026,0.203221,
0.037349,0.152599,0.248858,

0.261692,-0.082000,-0.122708,
0.158098,-0.074536,-0.207715,
0.048851,0.184340,-0.158885,

-0.059603,0.213072,0.141638,
0.190286,0.027429,-0.401231,
0.051750,0.213540,0.463202,

-0.029011,0.091851,0.079307,
0.054355,0.094391,-0.018848,
0.050324,-0.038617,0.000970,

-0.161352,-0.073805,0.542172,
0.035714,-0.262908,0.444739,
0.006279,-0.131276,0.228749,

0.213254,-0.366460,-0.558540,
0.130562,0.071433,-0.047730,
-0.116833,-0.227583,0.120709,

0.025746,0.008797,0.034356,
-0.076239,-0.117448,-0.011837,
-0.151088,-0.178897,0.070118,

0.090198,-0.045140,-0.284714,
-0.178748,-0.136698,-0.310717,
0.114707,0.371988,0.164106,

-0.276755,-0.366369,0.153611,
-0.515106,-0.130404,0.227032,
-0.393774,0.204577,0.371583,

0.473388,-0.322556,-0.488954,
0.624694,-0.271090,-0.572150,
-0.256982,-0.102526,-0.228679,

-0.188250,0.391782,0.112637,
-0.440750,0.319590,0.122603,
-0.407574,0.139761,-0.128086,

-0.386233,-0.006774,0.261108,
-0.187489,-0.042950,0.019696,
-0.205070,-0.258563,-0.065399,

0.530928,-0.049619,0.017257,
0.444273,-0.351311,-0.189807,
0.044678,-0.497716,-0.325099,

-1.134100,-0.248560,-0.559440,
-1.176068,0.275895,-0.458540,
-0.743564,0.551328,-0.268889,

-0.170905,-0.031526,0.116031,
-0.190911,0.032537,-0.047216,
-0.019185,-0.007430,0.010103,

-0.413493,0.268948,0.092766,
-0.188379,0.452146,0.068175,
-0.115318,0.237763,-0.357092,

-0.319253,0.253943,-0.023200,
-0.201939,0.186405,-0.011605,
0.209665,0.257465,-0.018457,

-0.466321,-0.101309,0.295774,
-0.533233,0.154151,0.361376,
-0.505427,-0.070728,0.191863,

-0.333876,0.046985,0.017494,
-0.359252,0.095807,-0.008100,
-0.406428,0.114082,-0.174777,

-0.217397,-0.261239,-0.215211,
-0.360168,-0.028431,0.004894,
-0.192158,0.226978,0.094058,

0.090182,0.028304,0.071538,
0.292674,-0.250493,-0.399836,
0.470969,-0.397089,-0.222728,

-0.087282,-0.109542,0.138839,
-0.135162,-0.033158,0.091801,
-0.063362,-0.045884,0.055949,

0.055359,0.084601,-0.237604,
-0.176683,-0.382982,-0.267446,
0.231688,0.487698,0.492226,

-0.493419,0.226534,-0.011091,
-0.678981,0.116938,0.220773,
-0.425576,0.351742,-0.437468,

-0.284816,-0.575549,0.371000,
-0.170163,-0.009675,0.355874,
0.017438,-0.349765,0.168003,

0.064029,-0.088674,0.151483,
0.463022,0.086327,-0.242063,
0.195361,-0.207342,-0.308215,

-0.216049,-0.201669,0.070891,
-0.027763,0.133182,0.044595,
0.313473,-0.380191,-0.082652,

-0.251141,-0.017754,0.241357,
-0.699782,-0.023369,0.197468,
-0.379875,0.265543,0.290878,

0.062355,0.332375,-0.039737,
-0.185485,0.246146,-0.382836,
-0.081957,0.310935,-0.208940,

0.093786,-0.108960,0.892264,
0.076365,-0.128913,0.499341,
0.458382,-0.337242,0.053946,

-0.186597,0.204553,0.369015,
-0.358240,0.203832,0.068511,
-0.501912,0.283469,0.001760,

-0.712886,-0.137880,0.163696,
-0.633522,0.298825,0.043014,
-0.115288,0.469246,0.041133,

-0.120911,0.023422,0.027353,
0.033797,-0.166344,-0.094855,
-0.161714,0.116882,-0.095774,

0.705765,-0.189362,-0.478578,
0.419251,-0.293868,-0.588438,
0.188148,-0.059445,-0.299325,

-0.040844,0.124464,-0.037616,
-0.353148,0.127746,0.073986,
-0.246356,0.186130,-0.067454,

0.033180,-0.056157,0.039415,
0.021026,-0.021191,0.008436,
-0.064050,0.099692,0.044295,

0.072278,0.086605,-0.207742,
0.043687,-0.082557,-0.126016,
0.070554,-0.015665,-0.142646,

-0.102840,0.077167,0.006635,
-0.119736,0.086505,0.006083,
0.047660,-0.067989,-0.030468,

-0.056221,-0.089117,-0.090898,
0.072234,-0.008878,-0.073977,
-0.086712,0.027104,-0.012500,

-0.046864,0.012218,-0.045216,
-0.063991,-0.108917,-0.127681,
-0.115866,-0.084460,-0.057727,

-0.118412,-0.095103,-0.065557,
-0.143592,-0.144628,-0.186943,
-0.075022,-0.256946,-0.181206,

-0.106721,-0.158656,-0.145722,
-0.020454,-0.002097,-0.014632,
-0.140118,-0.009252,-0.024542,

-0.119880,-0.144682,-0.077217,
0.039873,0.039571,-0.070125,
-0.054762,0.053507,-0.096241,

-0.093933,0.047855,-0.062224,
-0.074032,-0.035496,-0.054484,
0.029486,-0.046570,-0.068876,

-0.219175,-0.105434,-0.011728,
-0.049084,-0.190490,-0.142257,
-0.241950,-0.172736,-0.239116,

0.019348,0.024343,-0.148800,
0.002633,0.001748,-0.077698,
-0.044225,-0.055869,-0.092376,

-0.117013,0.073363,-0.103358,
-0.017280,0.146387,-0.053197,
0.034531,-0.017763,-0.085984,

-0.172191,0.045226,-0.070400,
0.019042,-0.061743,-0.098079,
-0.087227,-0.054728,-0.046363,

0.007861,0.011428,-0.078649,
0.030568,-0.123594,-0.053190,
0.077694,0.068560,-0.121291,

-0.046117,-0.031647,-0.024686,
-0.213696,-0.040466,0.012760,
-0.184261,-0.024380,-0.074574,

0.044567,-0.062760,0.068316,
-0.008573,-0.027060,-0.006563,
-0.110543,-0.108493,-0.071592,

-0.196932,-0.085987,-0.160090,
-0.087571,-0.142142,0.044411,
-0.040168,-0.151654,-0.093249,

0.026908,0.007895,-0.061109,
-0.056732,0.041324,-0.064838,
0.056511,0.052562,-0.108266,

-0.113852,-0.010576,-0.117780,
-0.100315,0.000131,0.010466,
-0.067331,-0.096860,-0.221587,

0.052056,-0.109267,-0.101079,
-0.112460,-0.019503,-0.032658,
-0.087222,0.047802,-0.091577,

-0.050869,0.034672,-0.038291,
0.094357,-0.057982,-0.123141,
-0.039771,-0.100543,0.164098,

-0.151315,-0.002725,0.046310,
-0.191457,0.021861,0.054489,
0.006390,-0.102724,-0.120222,

-0.090079,-0.062814,-0.137270,
-0.069781,-0.152063,-0.027528,
-0.034252,0.039393,-0.006694,

-0.049877,0.148677,-0.012456,
-0.172669,0.011501,-0.004035,
-0.140767,0.034075,0.116548,

-0.165872,-0.037306,-0.137780,
-0.046041,-0.207355,0.016632,
0.021706,-0.103842,-0.113772,

0.107921,-0.160355,-0.129501,
-0.066341,0.022775,-0.197255,
0.016059,-0.073256,-0.127375,

0.010590,-0.053655,-0.067624,
0.018599,-0.032214,-0.023689,
-0.088483,-0.029663,0.000200,

-0.180543,0.055527,-0.072310,
-0.044394,-0.062711,-0.060431,
-0.005408,-0.006824,0.017966,

-0.102379,-0.054604,0.008082,
-0.104798,-0.067892,-0.048182,
-0.061414,-0.000767,-0.129559,

-0.072387,0.079255,0.074675,
-0.081075,-0.002186,-0.078439,
0.075227,0.001248,0.021221,

-0.224024,-0.061259,-0.155235,
-0.165540,0.013458,0.065667,
-0.138755,-0.032874,-0.015792,

-0.093744,-0.101606,0.011886,
-0.060044,0.021161,0.017316,
0.069606,0.026183,0.094669,

-0.104459,-0.097471,-0.095765,
0.056436,0.087259,0.031571,
0.146817,0.023848,-0.083397,

0.095873,0.379638,0.587662,
-0.188146,-0.677997,-0.308929,
-0.330472,-0.763695,0.773970,

-0.324340,-0.761674,-0.223985,
-0.852989,-0.420432,-0.122937,
-0.601733,-0.338179,-0.542959,

-0.117868,0.025535,0.131400,
-0.073175,0.030086,0.008027,
0.059795,0.031725,0.084386,

0.546697,0.463295,-0.610904,
0.273162,-0.293254,-0.915501,
0.167418,-0.131431,-0.509817,

0.093950,0.573658,-0.126876,
0.815724,0.493881,-1.297691,
0.684321,-0.666186,-0.866581,

0.129604,-0.107080,-0.269560,
0.190975,0.135940,-0.269466,
0.268405,0.081157,-1.152817,

0.035604,0.128111,0.098069,
-0.079037,0.015106,0.060777,
-0.350041,0.037235,0.013747,

0.428790,0.827616,-0.416355,
-0.333647,0.011396,-0.472713,
-0.592603,-0.368444,-0.116851,

0.393831,0.431001,-0.475844,
0.530819,-0.019733,-0.806305,
0.165812,-0.750833,-0.018763,

-0.060255,-0.202277,-0.042192,
-0.303356,-0.065471,0.447838,
0.329604,0.415168,0.659077,

0.216016,0.064121,0.448687,
0.260980,-0.270508,-0.037201,
-0.019583,-0.547668,-0.274434,

-0.246506,-0.564688,0.110359,
-0.119188,0.498005,0.498602,
0.603913,0.236906,0.160494,

-0.416724,-0.589427,-0.184235,
-0.507540,-0.326518,0.259208,
-0.115215,0.143199,0.166953,

-0.325388,-0.818273,-0.931066,
-0.584273,-0.728027,-0.017146,
-0.673673,-0.255073,0.485241,

0.421643,0.468133,-0.317490,
-0.232981,-0.293918,-0.153427,
-0.125602,-0.122591,0.027138,

0.193999,-0.293565,-0.176913,
-0.174737,-0.216666,-0.143302,
-0.105651,-0.201391,-0.349466,

-0.600596,-0.233048,0.159989,
-0.358684,-0.066497,-0.227523,
-0.222203,-0.132124,-0.117377,

0.129001,0.107187,-0.021106,
0.093041,-0.354743,-0.123514,
-0.644065,-0.352805,0.365762,

0.498860,-0.166831,-0.923360,
-0.082742,-0.808069,-0.810312,
-0.396493,0.092955,0.372884,

-0.457481,-0.180622,-0.258568,
-0.293735,-0.403116,-0.514969,
-0.018157,0.462076,-0.359509,

-0.557527,0.321987,0.306872,
0.234254,0.515205,0.029320,
0.218663,-0.060472,0.001628,

-0.259820,-0.180119,-0.006351,
0.253646,0.260158,-0.152612,
0.847744,0.303292,-0.485488,

-0.052999,0.060751,-0.118151,
0.057756,-0.060955,0.348753,
-0.061576,0.543398,0.941982,

0.035994,-0.105306,-0.248024,
-0.209092,0.188994,0.283785,
0.178592,0.030704,0.113279,

-0.326635,-0.212408,0.335375,
-0.099376,-0.125272,0.149381,
-0.147761,-0.110767,0.111421,

-0.184764,-0.806890,-0.185274,
-0.304617,-0.802507,0.019630,
-1.086409,-0.109544,-0.120850,

-0.271831,-0.632597,-0.183549,
-0.675356,-0.109045,0.248629,
-0.251011,0.130179,0.219583,

-0.115887,0.251033,0.109185,
0.329059,0.486585,-0.185595,
0.650609,0.066364,-0.285054,

-0.039830,0.166557,0.116564,
-0.125722,0.107249,-0.057061,
-0.015246,-0.115067,0.076179,

0.061011,0.139641,-0.891162,
-0.177923,-0.425515,-0.507545,
-0.436883,-1.151976,-0.355174,

0.373964,0.080300,0.067375,
-0.215590,-0.109333,0.265298,
0.105391,0.309185,0.314930,

-0.000769,-0.000669,0.011541,
-0.030601,-0.087266,-0.033916,
-0.052450,0.061198,0.195737,

-0.293204,0.010933,0.054171,
-0.829044,-0.518739,-0.100585,
0.143585,0.135060,0.568058,

-0.586155,-0.173506,0.048399,
-0.350348,0.570209,0.769857,
-0.166138,-0.053782,0.628385,

-0.069477,0.095506,-0.022582,
0.119570,0.067434,-0.051602,
0.053279,-0.008264,0.086506,

-0.632848,0.281216,0.266285,
-0.826984,0.041172,0.150653,
0.067869,0.212287,0.209750,

-0.008459,0.293187,0.085979,
-0.371520,0.386639,0.559588,
-0.848971,-0.275090,0.218271,

-1.197721,0.155885,0.273548,
-0.980291,-0.176761,0.145459,
-1.100273,-1.222398,0.108966,

0.157670,0.126809,-0.072542,
-0.012195,0.328646,0.173053,
-0.400922,-0.187617,0.258222,

-0.713452,-0.450670,0.184419,
-1.057343,-1.119502,-0.398453,
-0.064114,-0.578642,-0.468652,

-0.237703,0.262887,0.110655,
-0.553360,0.233559,0.273418,
-0.438913,-0.682754,0.284208,

-0.675680,-0.243383,-0.644198,
-0.391363,-0.217492,-0.068399,
0.300441,-0.086939,0.615231,

0.338302,0.394000,0.342983,
-0.331542,0.030368,0.014399,
-0.442068,-0.524843,0.201658,

-0.343842,-0.771324,0.035695,
-0.325043,-0.772331,-1.121429,
0.054145,-0.447108,-0.970195,

0.837156,0.513487,-0.528174,
0.218304,0.803762,0.138577,
-0.402955,-0.278890,-0.024890,

0.080555,-0.410780,-0.277886,
0.611471,0.239911,-1.159936,
0.606303,0.182104,0.107261,

-0.075196,0.204407,0.592684,
-0.597450,-0.328646,-0.060064,
-0.005006,-0.073658,-0.075616,

-0.411798,0.312729,0.333741,
-0.195799,-0.127685,0.366294,
-0.119960,-0.220004,0.114853,

-0.047728,0.013648,-0.092243,
-0.217824,-0.190068,0.082786,
-0.150474,-0.385650,-0.154835,

-0.252001,-0.131515,-0.002089,
0.077125,-0.180313,-0.279859,
0.560303,-0.384158,-0.944782,

-0.917673,0.392328,0.452956,
-0.954006,-0.417856,0.431120,
-0.636085,-0.955255,-0.413592,

0.015666,-0.081303,0.077707,
-0.005756,0.142795,0.244130,
-0.259782,0.106093,0.431092,

0.262290,-0.644396,-0.540951,
0.307162,-0.032264,-0.720596,
0.584462,0.453358,-0.123414,

-1.072654,-0.561444,-0.347240,
-0.287036,-0.880570,-0.138548,
0.263164,0.339317,0.234658,

-0.357768,-0.680211,-0.348107,
-0.008297,-0.570639,-0.638660,
-0.025941,-0.025016,-0.919360,

-0.368635,0.262624,0.306543,
-0.358031,-0.427574,0.035690,
0.334361,-0.468549,-0.498850,

0.346332,0.374745,0.242862,
-0.365049,-0.056654,0.281941,
-0.373669,-0.599124,-0.264998,

-0.137774,0.187609,0.000816,
0.015794,-0.211619,-0.521905,
0.864661,0.356133,-0.335149,

-0.198444,0.409306,-0.115973,
-0.093829,0.165755,0.144020,
0.576515,-0.710361,-0.084206,

0.366612,-0.367744,-0.570163,
0.150792,-0.008736,-0.205979,
-0.547082,-0.103217,0.019799,

0.085607,0.114052,-0.123722,
-0.046412,0.100671,0.098059,
0.039227,0.170853,0.141896,

0.018231,0.036913,-0.102406,
0.239643,0.451805,-0.159806,
-0.445645,0.970530,0.506819,

-0.405769,-0.317292,-0.260183,
-0.336079,-0.481114,-0.368145,
-0.293771,-0.460924,-0.495829,

0.049087,0.030132,0.013732,
0.029547,0.034458,0.002389,
-0.028223,0.096072,-0.109203,

0.258181,0.157688,0.329127,
-0.095417,-0.158286,-0.048716,
-0.222252,-0.277254,-0.198929,

-0.601130,-1.093715,0.006397,
-0.924217,-0.729821,-0.305031,
-0.355789,0.112120,0.482574,

0.093972,-0.079064,0.055318,
0.008283,0.083065,0.077992,
0.042735,0.130440,-0.098540,

0.064755,-0.030064,-0.107306,
-0.235729,-0.018893,0.044836,
-0.131136,0.208548,0.409779,

0.311084,0.325108,0.030943,
0.231299,0.115187,0.013534,
0.321177,0.258749,0.322213,

0.255557,0.146103,-0.293012,
0.219131,-0.468809,-0.357085,
-0.179562,-0.444509,-0.609812,

0.501514,0.334351,0.120592,
0.194023,-0.113910,-0.225146,
-0.213090,-0.509079,-0.637212,

-0.565376,-0.241132,-0.098962,
-0.931843,-0.380665,-0.592371,
-0.761587,-0.131121,0.558743,

0.185017,0.256563,0.145177,
-0.140833,0.005801,0.018638,
-0.034600,-0.117435,0.128036,

-0.054986,0.036418,-0.191125,
-0.543341,-0.042132,0.145379,
-0.627373,-0.531816,-0.356656,

0.264255,0.267751,0.238804,
0.358952,0.169491,0.073296,
-0.210884,-0.368222,-0.231066,

-0.363040,-0.868113,-0.713638,
-0.685926,-1.048321,-0.960686,
-0.049433,0.009186,-0.248209,

-0.317206,-0.177976,0.402477,
-0.442783,-0.308473,0.488152,
-0.329421,0.034175,0.268750,

-0.751569,-0.684545,-0.185004,
-0.538928,-0.279531,0.127575,
0.336344,0.341756,0.253425,

0.197999,0.252127,0.170991,
0.388535,0.083474,-0.227617,
-0.291916,-0.390824,-0.463205,

0.125371,0.026885,0.340882,
-1.142979,-1.376710,-1.130165,
-0.789070,-0.662473,-0.435807,

-0.376225,-0.010398,0.179533,
0.213152,0.220887,-0.132009,
-0.074635,-0.253423,0.045214,

0.188460,0.129447,0.295886,
-0.044315,-0.271533,-0.114185,
-0.243510,-0.580812,-0.367399,

0.224629,0.139746,0.082758,
0.580682,0.103001,0.216125,
-0.082933,0.066059,-0.280097,

-0.319646,-0.397212,-0.264680,
0.078513,-0.461257,-0.262314,
0.118696,0.153446,0.539883,

0.142142,-0.277071,-0.291592,
0.134074,0.238622,-0.636539,
0.436805,0.513491,-0.027273,

0.173952,-0.065311,-0.168548,
0.263263,-0.214300,-0.207910,
0.292574,0.289458,0.167357,

0.196375,-0.608260,-0.746794,
-0.249578,-0.538417,-0.669396,
0.110326,0.108231,-0.360412,

0.226423,0.166493,0.049873,
0.362221,-0.153390,-0.403857,
-0.443866,-0.555681,-0.481384,

-0.031617,-0.003764,0.168820,
-0.017000,0.164203,0.129429,
0.006631,-0.056639,0.010975,

-0.184911,0.046074,0.352157,
-0.230808,-0.285656,-0.001951,
0.567429,-0.624340,-0.190715,

-0.599086,-0.339376,0.095387,
-1.049825,-0.316641,0.178609,
-0.917812,-0.016204,0.439883,

-0.046337,-0.096367,-0.010072,
-0.424314,-0.521359,-0.109684,
-0.316009,-0.212933,0.094079,

0.006922,0.058117,-0.129715,
0.020221,-0.057130,0.138124,
-0.055753,0.060794,-0.122409,

0.185162,-0.002330,0.031509,
-0.177472,-0.450331,-0.023634,
-1.187868,-0.543434,-0.202174,

-0.409752,-0.373756,-0.549547,
-0.267597,-0.237530,-0.237470,
-0.180136,-0.044371,-0.029563,

0.094780,-0.032206,-0.082113,
0.075525,0.066505,0.031504,
-0.112769,-0.087042,-0.053377,

0.064283,-0.062784,0.071151,
0.075941,-0.064191,-0.027826,
0.047553,0.057851,-0.101621,

0.045014,0.014403,0.008700,
-0.038022,-0.065229,0.019082,
-0.142828,0.044614,-0.109441,

-0.063255,-0.005662,0.046582,
-0.101887,0.084879,0.000864,
0.045623,0.041684,-0.088606,

-0.046521,-0.020882,0.028792,
-0.065912,0.036606,-0.070234,
-0.059661,-0.040690,-0.022565,

-0.013540,-0.026619,-0.108247,
-0.072082,-0.013448,-0.111365,
0.008465,-0.077583,-0.143356,

0.022364,-0.087297,-0.057884,
-0.069938,-0.000718,-0.094657,
-0.056151,-0.031966,-0.131731,

-0.103405,-0.098879,0.002839,
-0.038310,-0.050919,0.024709,
0.020762,-0.094492,0.053399,

-0.086103,-0.043421,-0.064557,
-0.074735,0.074144,-0.003064,
0.027527,0.061138,-0.071342,

-0.046308,0.040759,-0.097677,
-0.056007,0.015884,0.035081,
-0.067165,0.045174,-0.053405,

-0.075693,-0.064294,-0.067993,
-0.017514,0.013445,-0.001753,
-0.070493,0.002353,-0.081158,

-0.004916,-0.011178,0.055075,
-0.122123,-0.075169,0.025862,
-0.035730,0.062410,0.021860,

-0.066907,-0.030760,-0.104429,
0.002404,0.010236,0.057240,
0.070655,-0.084965,-0.025697,

-0.100482,-0.025833,0.018834,
0.068233,-0.005803,0.060561,
0.010567,-0.043230,-0.043114,

-0.134237,0.007407,-0.094514,
-0.005959,0.109522,-0.057183,
0.067006,-0.024040,-0.075464,

0.000135,0.010400,0.022029,
0.000998,-0.084340,-0.037498,
0.037253,-0.061584,-0.023814,

-0.018648,0.054856,0.033178,
-0.050815,-0.052544,-0.135002,
-0.045623,0.041414,-0.062473,

0.019061,0.046880,0.080646,
0.081809,-0.032368,0.057498,
0.040445,0.021010,0.026184,

-0.044897,-0.110059,-0.026258,
-0.094488,-0.062280,-0.063549,
0.048510,-0.107259,0.041207,

-0.091486,-0.052400,-0.067196,
0.053691,-0.025861,-0.055439,
-0.051933,0.014368,-0.101283,

-0.017841,0.065679,0.047353,
0.004950,-0.086269,-0.024250,
0.072285,0.050821,-0.047290,

-0.041299,-0.068973,-0.041652,
-0.143488,0.029655,0.078243,
0.021439,-0.102540,0.033467,

-0.106359,-0.079451,0.037543,
0.016652,0.033906,-0.045984,
-0.063464,-0.084309,-0.070617,

0.001472,-0.067890,-0.096661,
-0.036645,0.074686,0.044803,
-0.096656,-0.067140,0.002891,

0.068593,0.004011,-0.034833,
-0.023555,-0.074822,-0.116161,
-0.036110,0.021729,-0.131889,

-0.015443,0.036538,0.000669,
-0.031947,-0.046884,-0.072797,
-0.050522,-0.062782,-0.029060,

0.053249,0.096822,0.033571,
0.000751,-0.068840,-0.107930,
0.017006,-0.099877,-0.086096,

-0.007395,-0.052212,-0.088858,
0.037680,0.057920,0.043848,
-0.001107,-0.132754,-0.043576,

-0.044800,-0.027762,-0.031302,
-0.063259,0.053197,0.031089,
-0.076871,-0.083824,-0.108086,

0.056174,-0.056392,0.020083,
0.082363,0.081931,-0.098388,
-0.016341,0.007918,-0.027433,

0.025665,-0.097089,-0.098821,
-0.119691,-0.062698,0.011972,
-0.074035,-0.069492,-0.097553,

0.048988,-0.051608,0.062327,
-0.082550,-0.095786,0.006365,
0.052921,0.070835,-0.092174,

0.084482,-0.036082,-0.136854,
0.088839,-0.011892,-0.047010,
0.050616,0.046220,0.001473,

-0.472622,-0.338360,0.020079,
-0.292541,0.044583,0.090557,
-0.685977,-0.849291,-0.192111,

-0.170914,-0.465388,-0.639076,
-0.740434,-0.032908,-0.335632,
-0.548814,-0.371027,-0.622452,

-0.035588,-0.099580,-0.011426,
-0.070543,0.010604,0.104716,
-0.034488,0.027286,0.088902,

-0.533510,-0.331399,-0.043941,
-0.560112,-0.028421,-0.285801,
-0.219483,0.069083,-0.126945,

-0.458179,-0.114584,0.711412,
-0.226346,0.124934,0.188699,
-0.261186,0.240917,-0.024445,

-0.556253,-0.225647,0.322832,
-0.472275,-0.759008,-0.185993,
-0.863444,-0.766091,-0.290006,

0.029925,0.075093,-0.261217,
-0.043190,-0.164373,-0.234374,
0.102518,-0.044613,0.173630,

-0.711829,-0.672311,0.266476,
-0.706554,-0.115642,-0.046816,
0.034655,-0.752565,-1.008544,

0.044633,-0.100464,-0.001250,
0.310289,0.098307,-0.269830,
0.015750,-0.249757,-0.320769,

-0.854596,-0.410054,-0.851085,
-0.982116,-0.377047,-0.429263,
-0.670191,-0.253480,-0.372988,

0.034109,-0.525856,-0.222049,
0.102572,-0.204146,0.282740,
-0.179201,-0.285940,0.294014,

-0.096013,-0.441249,-0.214710,
-0.059386,0.010329,0.182374,
-0.095142,-0.008117,0.123669,

-0.165051,-0.590522,-0.408460,
-0.004488,-0.160501,0.096866,
0.052488,-0.021100,-0.054713,

-0.646829,-0.387497,0.193866,
-0.221599,0.347922,0.107802,
0.333014,0.469354,-0.020657,

0.126731,-0.215809,0.086196,
0.000450,-0.641806,0.312181,
-0.053960,-1.095189,0.603410,

0.338013,-0.130428,-0.460389,
-0.021056,-0.724551,0.323738,
-0.269430,-0.638399,0.313734,

0.160257,0.241901,-0.164141,
-0.056563,-0.383058,-0.285188,
0.044955,-0.497049,0.372189,

0.028750,-0.078145,-0.077626,
0.263089,0.079903,-0.130028,
0.215588,-0.144767,-0.330143,

0.242516,0.351873,0.263702,
-0.583889,-0.252116,-0.254332,
0.239175,0.043387,-0.170551,

-0.294666,-0.954077,-0.455587,
-0.144363,0.407386,-0.531958,
0.595389,-0.107425,-0.493437,

-0.568883,-0.364936,0.476933,
-0.130857,0.295294,0.502081,
-0.459042,0.504428,0.011600,

-1.047879,0.111437,0.182529,
-0.085947,-0.045686,-0.130604,
-0.586181,-0.194217,-0.304156,

-0.392681,-0.242114,0.431396,
0.465303,-0.030914,0.161307,
0.043305,0.089373,-0.273070,

0.266898,0.043102,-0.330667,
-0.072184,-0.101943,-0.023911,
-0.062408,-0.760006,0.212674,

-0.273675,-0.287630,-0.182477,
-0.306806,-0.091054,0.252045,
0.214410,0.480324,0.802212,

-0.218156,-0.193753,-0.324204,
-0.091861,-0.232420,-0.024808,
-0.009384,0.298698,0.430515,

-0.316815,-0.389677,-0.290103,
-0.077026,-0.301623,0.097496,
-0.330155,0.035435,-0.276426,

-0.362718,0.281786,0.399247,
-0.100345,0.335512,-0.049976,
-0.115014,-0.052713,-0.389308,

-0.044432,0.078777,0.120978,
0.035932,-0.134765,0.003437,
-0.053407,0.027378,0.150909,

-0.775071,-0.843523,0.113786,
-0.666394,-0.145162,-0.182890,
-0.812290,-1.060276,-0.225196,

-0.192258,0.041229,-0.078523,
-0.154996,-0.021665,0.083113,
-0.321700,-0.215278,0.250463,

-0.035254,-0.013432,0.066561,
0.013004,-0.025938,-0.006540,
0.028351,-0.011692,-0.159987,

0.468413,-0.489427,0.328377,
-0.610709,-0.156196,0.293045,
-0.572024,-0.157206,0.260112,

-0.580435,-0.245949,0.091932,
-0.794154,0.184904,0.013101,
-0.783192,0.308126,-0.030311,

0.090023,0.099467,0.068705,
0.008594,-0.034138,0.133614,
0.085293,0.090574,0.016140,

0.100382,0.434621,0.141097,
-0.728137,-0.075580,0.362943,
-0.650835,-0.095163,0.239034,

0.422874,-0.031304,-0.474273,
0.402954,-0.112744,-0.121810,
0.015065,0.068514,-0.047886,

0.090158,-0.410099,-1.232198,
0.019025,-0.460332,-0.664400,
0.040773,-0.337418,-0.026218,

-0.350440,-0.348644,-0.372826,
-0.314342,-0.538529,-0.168641,
-0.111178,-0.311711,-0.139498,

-0.429967,-0.537637,0.133451,
-0.490233,-0.002688,0.421627,
-0.544369,0.234123,0.473093,

0.006941,-0.307334,0.280173,
-0.239406,-0.338013,0.239262,
-0.219904,-0.195546,0.151596,

-0.098706,0.339708,1.071916,
0.205791,0.149445,0.806490,
-0.026127,-0.538994,0.180537,

0.050907,-0.238743,-0.162061,
-0.428289,-0.405032,-0.014555,
-0.433782,-0.134335,0.007992,

0.738817,0.514420,-0.218974,
0.410731,0.277001,-0.007693,
-0.010272,-0.318447,-0.289591,

-0.961946,-0.277685,0.017388,
-0.664958,-0.655716,-0.106215,
-0.222249,-0.833840,-0.111730,

-0.897563,0.208527,0.498203,
-0.278291,0.283399,0.396483,
-0.128484,0.328711,0.372172,

0.349677,0.294303,-0.359540,
0.179762,-0.622892,-0.246148,
-0.204532,-0.972471,0.111121,

0.292425,0.049975,-0.329566,
0.325234,-0.253209,-0.708797,
0.130840,-0.129502,-0.419982,

-0.578707,0.717531,-0.222026,
0.295292,0.463843,0.286579,
-0.167794,0.359278,0.411443,

-0.442534,-0.137973,-0.029377,
-0.369334,-0.195532,-0.023894,
-0.274346,-0.300475,-0.087529,

0.309907,-0.130782,-0.110707,
-0.273154,-0.228460,0.020091,
-0.331965,-0.358790,0.044228,

-0.237529,0.402693,0.036607,
-1.302092,0.602035,0.021930,
-0.849294,0.363363,0.115701,

-0.751977,0.285944,0.366476,
-0.525577,0.213103,0.289369,
-0.677631,0.309745,0.034324,

0.159418,-0.087740,0.063388,
-0.517072,0.160879,0.319317,
-0.581335,0.471838,0.308436,

0.079682,0.101483,0.061357,
0.182487,0.104983,0.217470,
-0.320221,0.167400,0.396988,

0.433432,0.442379,-0.145968,
0.439479,-0.082928,-0.557383,
0.063623,-0.646065,-0.279235,

0.266769,-0.237833,0.152676,
-0.006345,-0.494572,0.257308,
-0.343467,-0.247986,0.029556,

-1.012625,-0.441188,0.127794,
-0.615141,-0.979766,0.055897,
-0.549263,-0.412459,0.086898,

-0.864847,-0.754371,0.352489,
-0.471690,-0.326987,0.276368,
-0.509081,-0.001264,0.175556,

0.418648,0.610736,0.108528,
-0.221830,-0.020713,-0.198434,
-0.465002,-0.303390,-0.414628,

0.034898,0.040126,0.195152,
-0.040090,0.099585,-0.008162,
0.111266,-0.090201,0.205541,

-0.740178,-0.252495,0.294215,
-1.341210,-0.858126,0.174810,
-0.475128,-0.376620,0.314685,

-0.101819,-0.524871,0.475533,
-0.120955,-0.105565,0.573752,
-0.285980,-0.249920,0.219014,

0.009751,-0.104594,0.023282,
-0.089441,0.030416,0.047984,
-0.104603,-0.053544,-0.054448,

0.030104,0.462463,0.451556,
-0.134689,0.026072,0.101661,
0.442373,0.126328,-0.073127,

-0.648027,0.113626,0.276478,
-0.462428,-0.000364,0.207166,
-0.273264,0.191027,0.015516,

0.011419,0.074902,0.068643,
-0.001323,-0.042559,0.111118,
0.107983,-0.053071,-0.056139,

0.190808,0.287819,0.295269,
-0.277897,-0.060099,-0.246566,
-0.999122,-1.848942,-0.926218,

0.274975,0.392956,0.260092,
-0.153956,-0.237738,0.046293,
-0.519918,-0.833648,-0.307069,

-0.077829,0.074269,0.348539,
0.200968,0.018096,0.587332,
-0.230777,-0.373955,-0.063151,

-0.143250,-0.075470,-0.083961,
-0.308754,-0.070427,-0.199367,
0.039871,0.092354,0.217744,

-0.533204,-0.787887,-0.752197,
-0.201854,-0.093475,-0.093949,
-0.276323,-0.060052,0.252716,

-0.022183,0.157792,0.192391,
-0.177663,-0.495045,-0.221465,
-0.208094,-0.162218,-0.160864,

-0.084253,-0.259830,0.008333,
-0.261436,0.255833,-0.055756,
-0.161056,0.381015,0.265798,

-0.282326,-0.468053,-0.419262,
-0.093739,-0.229897,-0.173606,
0.176284,0.665876,0.578568,

0.465713,-0.559584,-0.693261,
0.440201,-0.071003,-0.404739,
0.329502,0.110392,-0.200620,

-0.672793,-0.334594,-0.471688,
0.150277,0.347184,0.491017,
0.763079,0.579995,0.619250,

-0.187937,0.005369,-0.019489,
-0.071418,0.244497,0.273559,
0.393748,0.458379,0.096250,

-0.011631,-0.121287,-0.218803,
-0.091309,-0.231759,-0.179090,
-0.006486,-0.307165,-0.014058,

0.046065,0.491530,0.632750,
-0.435086,0.041674,0.349292,
-0.519715,-0.252220,0.218489,

-0.138551,0.201434,0.629854,
-0.447211,-0.202051,-0.453637,
-0.444111,-1.007610,-0.595342,

-0.326682,-0.429038,-0.374651,
-0.148031,0.063506,0.053450,
-0.277388,0.260173,0.194183,

-0.700698,-0.517055,0.363806,
-0.316942,-0.438708,0.081330,
0.549169,-0.687556,0.225729,

-0.634901,-0.996491,-0.332211,
-0.380090,-0.237836,-0.289011,
0.355699,0.103277,0.207216,

-0.222936,-0.617518,-0.705350,
0.340768,0.135097,-0.075461,
0.228566,0.558745,0.082509,

0.036053,-0.092089,0.089632,
0.024321,-0.185458,-0.263450,
0.057729,-1.008695,-0.389509,

-0.119928,-0.872449,-0.505812,
0.507889,-0.087586,-0.370347,
0.604948,0.208858,-0.741898,

-0.350888,-0.462705,-0.494420,
0.209887,-0.072835,0.049111,
0.338111,-0.287545,0.063084,

-0.149029,-0.441046,-0.418298,
-0.111431,-0.543264,-0.555537,
0.398263,0.394697,0.220612,

-0.011509,-0.324606,-0.379119,
0.208938,-0.110503,-0.013146,
0.135390,0.079817,0.404395,

-0.011937,-0.419359,-0.603671,
0.283486,0.092172,0.130320,
0.409186,0.853573,0.444604,

-0.399621,-0.114720,-0.002881,
-0.093807,0.018022,0.370478,
0.025787,0.056882,0.176218,

-0.152961,0.015049,-0.012748,
-0.236932,-0.113432,-0.102194,
-0.088157,-0.182332,0.039953,

-0.087902,0.219453,0.049440,
-0.220174,0.098294,0.734177,
-0.413622,-0.196193,0.155278,

0.047602,-0.025763,-0.385247,
0.072169,0.136997,-0.107947,
-0.166807,-0.043556,-0.188752,

-0.016682,0.090121,-0.068610,
0.030653,0.108554,-0.084057,
0.062267,0.047149,0.206329,

-0.368823,0.091131,-0.584184,
-0.078898,0.133964,-0.420706,
-0.323147,-0.278287,-0.779560,

-0.263447,-0.403088,-0.214942,
-0.085471,-0.297099,-0.223295,
0.443540,-0.107909,-0.222048,

-0.020678,0.027840,0.067714,
0.048053,-0.020764,-0.079450,
0.025927,-0.066829,0.028016,

0.146272,0.300374,0.157094,
0.135737,0.124379,0.085820,
0.167409,0.347187,0.016137,

-0.191366,-0.439786,-0.121563,
-0.043788,-0.377646,-0.222654,
0.155388,0.234539,-0.300843,

-0.012518,-0.165797,-0.011370,
-0.424139,-1.322006,-0.688695,
-0.446569,-0.897831,-1.271391,

-0.669866,-1.950640,-0.345264,
-0.504718,-2.224586,-0.854430,
-0.679054,-1.325283,-0.308834,

-0.990329,-0.544277,-0.293570,
-0.721904,-0.478072,-0.134637,
-0.713170,-0.746190,-0.301053,

-1.005496,-0.690726,-0.390397,
-0.979723,-0.698405,-0.814982,
-1.279824,-0.791382,-0.644381,

-0.088988,0.203663,-0.028910,
-0.239970,-0.177527,-0.168300,
-0.265230,-0.488216,-0.551592,

0.364582,-0.100126,0.046314,
0.232094,-0.221642,0.204051,
0.071896,-0.130439,-0.061533,

-0.347645,-0.021941,0.041367,
-0.070580,0.100704,-0.089944,
-0.289385,0.214479,0.236260,

0.353634,0.263573,0.056272,
0.249217,0.299029,0.156376,
0.435575,0.255969,0.115793,

0.167777,-0.056146,-0.259364,
0.059450,0.157481,-0.085516,
0.339679,0.043767,-0.284263,

-0.364062,-0.624300,-0.716517,
-0.251054,-0.650457,-0.597184,
-0.537629,-0.779566,-0.319799,

0.009170,-0.019902,-0.155351,
-0.058816,-0.067803,0.017457,
-0.191282,-0.243809,-0.052335,

0.013399,0.434188,0.175922,
-0.219870,-0.237555,-0.084155,
-0.068862,-0.108992,-0.394981,

-1.420279,-1.280360,-1.316990,
-0.956064,-1.337870,-1.124294,
-0.813013,-0.827053,-0.894670,

-0.334757,-0.549287,-0.281271,
-0.033845,-0.814963,-0.815597,
0.062433,-0.549902,-0.237757,

0.098277,0.235638,0.163093,
0.117086,0.352952,0.275866,
0.319455,0.361214,0.421935,

0.008446,0.124353,-0.099026,
-0.107761,0.070032,0.025901,
0.239955,0.414571,0.138592,

0.019078,0.274337,0.071784,
0.320948,0.425283,0.281934,
0.319916,0.495405,0.219787,

-0.190559,-0.275116,0.220730,
-0.119320,-0.221674,-0.200669,
0.009673,-0.122815,-0.438127,

-0.393768,-0.351418,-0.639501,
0.173351,0.332338,-0.166194,
-0.010207,-0.425797,-0.097531,

-0.347556,-0.476019,-0.083736,
-0.150007,-0.366742,-0.037680,
-0.225765,-0.505123,0.038269,

0.423341,0.328029,0.072971,
-0.001763,-0.096834,0.156334,
-0.220695,-0.072716,0.096930,

-0.374785,-0.130058,0.165663,
-0.078176,-0.211421,0.143524,
-0.080386,0.174114,0.549538,

0.058658,0.289533,0.362280,
-0.000788,0.456743,0.500862,
-0.120887,0.357564,-0.109301,

0.061589,-0.273700,-0.128364,
0.013531,-0.095701,0.065179,
-0.110423,-0.102184,0.036399,

-0.192477,0.485961,0.256256,
-0.513830,-0.378488,-0.191933,
-1.485065,-0.371399,-0.354303,

0.177691,0.252261,0.199772,
-0.061103,0.080351,0.071120,
-0.014073,0.053118,0.083992,

0.105089,-0.021107,-0.013337,
-0.039406,-0.002235,0.030755,
-0.053388,0.007112,-0.072101,

-1.134253,-1.317438,-0.618636,
-0.765341,-0.160455,-0.471933,
-0.293684,-0.431533,-0.938811,

-0.151205,-0.078448,0.019249,
-0.120192,0.044582,0.025755,
0.306428,0.270205,-0.030331,

0.009605,-0.001168,-0.093984,
-0.147059,-0.004407,-0.015037,
-0.017698,-0.009205,-0.040954,

-0.236132,-0.477060,-0.220460,
0.112649,-0.385615,-0.833231,
0.372604,-0.083256,-0.207001,

-0.006041,-0.155694,-0.496728,
-0.266546,-0.524798,-1.561382,
-0.094425,-0.246880,-0.486206,

-0.536739,-0.203702,0.302054,
-0.536032,-0.326780,-0.111915,
-0.739125,-0.349187,0.249417,

-0.427720,-0.770238,-0.577508,
-0.081288,0.022809,0.095984,
-0.329263,-0.299745,0.132909,

-0.432578,-0.354859,0.048598,
-0.379149,0.115690,0.404319,
0.158957,0.539619,0.647862,

-0.927290,-1.098706,-0.628815,
-0.900205,-0.854346,-0.201578,
-0.247774,0.272585,0.619360,

-0.224836,0.217302,-0.243116,
0.102686,0.581483,-0.286447,
0.150948,0.270913,-0.240314,

0.259633,0.398743,0.104732,
-0.105516,-0.174611,0.181651,
-0.336203,-0.012491,0.318578,

-0.123449,-0.045312,0.010853,
-0.109991,0.074600,0.199284,
-0.016557,0.228878,0.586220,

0.383866,0.156288,0.180031,
0.191818,-0.055654,-0.117100,
0.132040,-0.262215,-0.042466,

-0.044733,-0.001972,0.101787,
0.061131,0.078589,-0.101772,
-0.003258,0.017667,-0.143740,

-0.333308,-0.129735,-0.003277,
-0.187569,0.165217,0.232269,
-0.148374,0.177855,0.366611,

-0.406602,0.071415,0.241161,
-0.043144,0.069698,0.177000,
0.014958,0.119150,0.205428,

0.379360,-0.311841,0.190806,
-0.086217,0.412058,0.479278,
0.069677,0.344742,0.203501,

-0.418632,-0.725600,-0.441611,
-0.210536,0.103366,0.259412,
-0.018328,0.380714,0.526553,

0.497897,0.550792,0.915074,
-0.044487,0.225943,-0.393197,
0.046321,0.341368,0.081345,

0.472902,0.457229,0.801878,
0.191754,0.011841,-0.045933,
-0.063139,-0.312459,-0.805209,

0.105400,0.136323,0.054546,
0.077436,0.129255,-0.223220,
-0.182359,-0.499166,0.016458,

0.309254,0.105333,-0.140298,
0.134249,-0.241388,-0.269529,
-0.022214,-0.273350,-0.506691,

0.385022,0.478525,-0.013176,
0.168976,0.428106,0.074381,
-0.612994,-0.603941,-0.040917,

-0.266405,-0.077513,-0.073116,
-0.362148,0.376492,0.219940,
-0.161435,0.250710,0.372472,

-0.923909,-0.797753,-0.779076,
-0.336939,-0.045741,-0.489640,
-1.643731,-1.220553,-0.956481,

0.316625,0.156011,0.236676,
-0.356571,-0.812912,-0.538672,
-0.553779,-0.498792,-0.130767,

-0.006479,0.092559,-0.189383,
0.019487,0.281301,-0.044192,
0.175168,0.282221,0.282213,

0.437406,0.313661,0.098292,
0.257537,-0.092325,-0.352926,
-0.244947,-0.284625,-0.138915,

0.083208,-0.015531,-0.045317,
-0.295256,-0.029510,0.093879,
-0.080002,0.043723,-0.044236,

-0.069377,-0.394062,0.197499,
-0.110649,-0.341252,-0.539806,
-0.165577,-0.300573,0.044573,

-0.009707,0.042260,-0.277487,
0.228089,0.170810,0.102320,
0.389080,0.476911,-0.020934,

-0.098089,0.044770,-0.085895,
-0.125277,0.102670,-0.056117,
-0.078544,-0.088549,0.001943,

-0.132990,0.081386,-0.247664,
0.038435,0.059207,0.138678,
0.011508,0.186068,0.243568,

0.283587,0.179864,0.065855,
0.340866,-0.465937,-0.654447,
-0.538709,-0.554206,-0.306787,

-0.034447,-0.138012,-0.004038,
-0.018538,-0.036366,-0.102450,
-0.002382,-0.051538,-0.037312,

0.421655,0.005669,-0.466479,
-0.117912,-0.234321,-0.043323,
0.291777,0.161153,-0.240077,

0.310082,-0.117518,-0.351904,
-0.241999,-0.474416,-0.075246,
0.063283,0.028160,-0.079474,

-0.309204,0.068410,-0.301587,
0.449537,-0.182550,-0.444515,
0.522244,-0.034719,-0.098619,

-0.504472,-0.295429,-0.035404,
-0.183029,-0.269063,0.039060,
-0.013677,0.112373,0.097039,

-0.464577,0.151245,0.329406,
-0.214466,0.105938,-0.138766,
-0.040413,-0.394851,0.052012,

0.206239,0.257167,-0.156509,
-0.226691,0.198237,0.143950,
-0.456237,-0.042697,0.063801,

-0.074549,-0.003481,-0.117618,
-0.190656,-0.149468,-0.292985,
0.054377,-0.344042,-0.341151,

-0.184232,-0.257474,0.246331,
-0.402077,-0.256466,-0.280199,
-0.040318,-0.212972,-0.126541,

-0.011665,0.581286,0.382502,
0.602837,0.539412,0.106167,
0.298121,-0.184067,0.174435,

-0.004151,-0.078695,0.004239,
-0.214714,-0.308107,-0.274967,
-0.086925,-0.066459,-0.421807,

0.188487,0.138680,-0.067421,
0.125961,-0.287924,-0.124867,
-0.089425,-0.163032,-0.039964,

-0.488944,-0.275740,-0.064140,
-0.416166,-0.297029,-0.083805,
-0.309836,-0.000881,0.743737,

-0.183711,0.039403,0.107381,
0.345313,0.153467,-0.113810,
0.258316,-0.070469,-0.322609,

0.061131,0.228360,0.515982,
0.302909,0.259253,0.134719,
0.087745,0.141279,-0.886283,

-0.147706,-0.285726,-0.340653,
-0.347012,-0.414216,-0.332650,
-0.261802,-0.418396,0.034350,

0.376764,-0.211594,-0.132882,
-0.469079,-0.943381,-0.296057,
-0.345608,-0.219007,-0.328409,

0.560807,-0.095547,-0.080098,
0.143398,-0.440405,0.252173,
-0.323037,0.511546,0.361272,

0.188314,0.322377,0.400863,
-0.039744,0.174662,0.257313,
-0.268053,0.052743,0.067857,

0.390832,0.431076,-0.035929,
0.241726,-0.007472,0.069300,
-0.198540,0.058380,0.169988,

0.007225,0.150446,0.359105,
-0.121628,-0.081300,-0.096217,
0.071680,0.170656,-0.098596,

-0.232960,0.109594,0.175250,
0.039469,0.216558,-0.079311,
-0.106535,-0.201254,-0.028564,

-0.647039,-0.410914,0.223411,
-0.007958,0.132367,0.267151,
0.320250,0.299201,0.092689,

-0.274139,0.044201,-0.049954,
0.112718,-0.441911,-0.758531,
-0.346632,-0.521748,-0.226637,

0.129025,0.334622,0.270134,
0.298117,-0.140535,-0.419970,
-0.040581,-0.447111,-0.255622,

-0.249541,0.395969,0.147522,
0.148784,0.480068,-0.049868,
0.434702,-0.017979,-0.204725,

0.014228,-0.144509,-0.014506,
0.018495,-0.066252,0.011662,
-0.110986,0.022820,0.089972,

0.271224,0.072669,-0.376750,
0.227993,-0.170256,-0.273911,
-0.226286,-0.281246,-0.053547,

0.144557,0.073898,-0.009200,
0.124901,0.389785,0.328327,
0.247678,0.422009,0.349274,

-0.004894,-0.103081,0.008817,
-0.266856,0.188426,-0.071999,
-0.061937,0.027960,-0.003792,

0.155772,-0.292523,-0.375854,
0.129170,-0.189571,-0.169717,
-0.019905,-0.352803,-0.139360,

0.015922,-0.439746,-0.577391,
0.251642,0.154382,0.080294,
0.554527,0.567340,0.205970,

-0.007822,-0.048584,-0.004812,
0.031918,-0.025554,0.034027,
0.092004,0.108218,0.084008,

0.304321,-0.286672,-0.207087,
0.213032,-0.783552,-0.458603,
0.555698,0.079713,0.317878,

-0.418333,0.079618,-0.045298,
-0.505740,-0.071251,-0.067681,
-0.740802,-0.159153,0.400021,

0.189996,-0.004603,0.074988,
0.147352,-0.156002,0.368440,
-0.650070,-0.134665,-0.420516,

0.116136,-0.846329,-1.014994,
0.491607,-0.577863,0.166962,
0.743775,-0.078071,0.268050,

0.376275,0.371545,-0.213996,
0.128688,0.212675,0.270789,
-0.222636,-0.308123,0.070662,

-0.140736,-0.343791,-0.542019,
-0.206654,-0.320414,-0.730829,
0.213905,0.044791,-0.077920,

-0.537996,-0.339191,0.104991,
-0.444021,-0.355714,0.108829,
0.152495,-0.354281,-0.394360,

-0.177481,-0.513831,0.273556,
-0.711096,-0.559396,0.086172,
-0.364307,-0.083441,-0.384901,

0.180527,0.100327,-0.083428,
-0.347530,0.139888,0.029964,
-0.280006,-0.186625,0.131638,

-0.898026,-0.361558,-0.113631,
-1.129893,-0.494530,-0.290688,
-0.491714,-0.829373,-0.704176,

0.157529,0.121786,-0.130693,
0.307229,0.341145,0.198737,
0.526506,0.367907,0.127977,

0.000050,-0.191004,-0.417128,
-0.385403,-0.202472,0.001167,
-0.544983,-0.003471,0.199421,

0.099325,-0.186595,-0.132907,
-0.080160,-0.142208,-0.076068,
0.088110,0.265517,0.093161,

0.218375,0.275449,-0.370535,
-0.087480,0.317187,-0.211749,
-0.422723,-0.132950,-0.279200,

-0.131214,-0.240856,-0.558882,
0.180937,0.085371,-0.206093,
0.273587,0.293893,0.045416,

0.157540,0.564171,0.571600,
-0.473821,-0.005025,-0.023230,
-0.671088,-0.378351,-0.050153,

-0.003630,0.081655,0.304687,
-0.012390,-0.154918,0.365734,
-0.181110,-0.391727,-0.513001,

0.097106,0.131289,-0.008045,
0.142075,0.292239,0.243153,
0.327770,0.065652,-0.075036,

-0.013330,0.299357,0.272852,
-0.087242,0.387960,0.081437,
-0.409207,-0.054290,-0.222127,

-0.046459,0.067849,0.059788,
0.149364,0.163444,-0.004515,
-0.009350,-0.140406,-0.482418,

-0.140426,-0.390361,0.131650,
-0.109143,-0.685910,0.168585,
-0.487153,-0.302661,0.189101,

0.508394,-0.752354,-0.532590,
0.389522,-0.737139,-0.331359,
0.897551,0.167560,-0.029396,

0.792406,-0.010847,0.521230,
0.840182,0.088762,0.190405,
-0.096812,-0.006689,-0.250436,

-0.105368,-0.134561,-0.037496,
0.041604,0.255468,0.354367,
-0.400048,-0.351322,-0.335473,

-0.398190,0.489310,0.404172,
-0.369859,0.145940,0.545173,
-0.693987,-0.576267,-0.125336,

0.034863,-0.008601,-0.056835,
0.066009,0.082759,0.085111,
-0.016940,0.036168,-0.053617,

0.339628,-0.137620,-0.400874,
0.217668,0.168311,-0.210547,
0.236579,-0.293800,-0.696646,

0.225300,-0.088768,-0.008406,
0.037655,0.011212,0.150121,
0.159418,0.130839,0.370966,

0.015219,-0.040794,-0.127261,
0.023855,-0.080576,0.033421,
-0.105614,-0.089747,0.028887,

-0.831376,-1.464080,-0.960775,
-0.512904,-0.541918,-0.385291,
0.496707,0.295570,0.388075,

0.077442,-0.055676,0.234724,
-0.050748,-0.040427,0.159344,
0.271496,0.063524,0.398587,

0.091328,0.167913,-0.023937,
0.118365,0.048486,0.162360,
0.022406,-0.041169,0.138794,

-0.737765,-0.770667,-0.499062,
-0.300649,-0.180748,-0.263695,
-0.137576,0.205027,0.417861,

-0.086452,0.061479,0.110147,
-0.075866,-0.033513,0.104272,
-0.002634,0.202218,0.311391,

-0.362358,-0.571883,-0.383992,
-0.448472,-0.547583,-0.524910,
-0.250920,-0.522771,-0.699251,

0.050338,-0.971885,-0.292659,
-0.025940,-0.622601,-0.855770,
-0.214621,-0.841627,-1.069423,

-0.292521,-0.410645,-0.516887,
-0.350236,-0.068687,-0.806169,
-0.173690,-0.617059,-0.688158,

-0.362478,-0.220291,-0.133315,
-0.096518,0.008318,-0.101033,
0.155727,0.218277,0.324814,

-0.033546,0.204416,0.301760,
0.254846,0.283857,0.376654,
-0.030626,0.416786,0.426359,

0.062401,0.069030,0.143132,
0.207480,-0.080819,-0.172514,
-0.135686,-0.075981,-0.148575,

-0.350334,0.173288,0.184795,
-0.366152,-0.058490,-0.026288,
-0.285102,-0.287357,0.074815,

0.322957,0.392132,0.059399,
0.016931,0.275075,-0.018826,
-0.217904,0.041252,0.209962,

0.223135,0.137973,0.085446,
0.227017,0.327059,0.231042,
0.346753,0.231952,0.469903,

-0.741655,-0.657329,-0.382630,
-0.158031,-0.273554,-0.600171,
0.026795,-0.247871,-0.192998,

0.122125,0.023845,-0.306111,
0.202386,0.148937,-0.323042,
0.284681,0.129600,0.184152,

-0.276480,0.537353,0.033613,
0.137857,0.283280,-0.255163,
0.652001,0.160251,-0.185926,

-0.107846,-0.710694,-1.075104,
-0.232608,-0.415110,-1.158382,
-0.015613,-0.262189,-0.461999,

-0.280497,-0.055173,-0.221006,
-1.287840,-0.602690,-0.637329,
-0.380198,-0.226702,-0.162295,

-0.306888,-0.637300,0.086752,
-0.204372,-0.001858,-0.001731,
-0.503262,-0.046464,-0.007487,

0.031850,0.274615,0.123274,
-0.025631,0.181554,0.300300,
0.084858,-0.038564,-0.010727,

-0.236043,-0.251138,-0.361001,
-0.024788,-0.039613,-0.046497,
0.166128,0.228529,0.136284,

-0.308361,-0.516315,-0.245332,
-0.536077,-0.701077,-0.530155,
-0.380920,-0.489408,-0.671809,

-0.122825,0.238364,0.380796,
-0.178518,-0.149079,-0.023621,
0.048369,-0.235322,-0.252162,

-0.229952,0.114451,0.365074,
-0.252095,-0.141266,-0.211386,
-0.408279,-0.508005,-0.579097,

0.217107,-0.367096,-0.253963,
-0.148177,-0.274466,-0.243853,
-0.617208,0.054919,-0.048430,

0.134544,0.289717,0.129855,
-0.021825,0.208587,0.102974,
-0.694198,0.000324,0.311607,

0.125191,0.431518,0.516488,
-0.172146,-0.060886,0.254933,
-0.200884,-0.246049,-0.141604,

-0.018054,-0.095408,-0.076788,
-0.116247,0.045843,-0.107485,
-0.066133,-0.122562,-0.031211,

0.019046,-0.493464,0.091667,
-0.347789,-0.486618,-0.303313,
-0.061712,-0.073698,-0.171344,

-0.108421,-0.024397,0.228252,
-0.067953,0.194673,0.169249,
-0.090344,0.357634,0.305625,

0.028439,0.126937,0.126905,
0.104947,0.084554,0.003558,
0.055657,0.095508,-0.068553,

-0.091184,0.483573,-0.061260,
0.097189,0.386641,-0.351277,
-0.487160,-0.189151,-0.530446,

-0.319898,-0.607972,-0.308639,
-0.699814,-0.617117,0.144924,
0.039757,0.345735,0.147690,

0.041925,-0.031219,-0.113029,
-0.095503,-0.063463,0.013959,
0.064269,-0.080524,-0.039109,

-0.807350,0.047682,-0.574082,
0.289451,0.175003,-0.225758,
-0.035814,-0.116716,0.313141,

-0.092105,0.219556,0.282198,
0.106577,0.223226,0.178025,
0.095839,-0.089390,-0.193216,

-0.330876,-0.300001,-0.223248,
-0.045148,-0.205757,-0.320291,
0.218201,-0.005217,0.068020,

0.275396,0.299750,-0.323118,
0.210513,-0.450842,-0.780151,
-0.275320,-0.341076,-0.402599,

-0.507987,-0.744712,-0.144557,
-0.862585,-0.501316,-0.108977,
0.210182,0.035933,-0.190353,

-1.356505,-1.343876,-0.255062,
-1.174677,-0.429783,0.676604,
-0.231196,0.704049,1.232852,

-0.270818,0.142877,0.235071,
0.178296,0.495995,0.119102,
0.081558,0.266227,0.420706,

-0.464026,-0.665844,-0.158221,
0.097910,-0.052299,0.180385,
0.387489,0.178270,-0.216836,

0.358268,0.065786,0.112097,
-0.307002,-0.057934,0.046410,
-0.368630,0.037645,-0.158556,

-0.247949,-0.102037,0.253461,
-0.021550,0.169467,0.201012,
0.152994,0.193518,-0.102638,

0.220407,0.128829,-0.003737,
0.100268,0.066088,0.148074,
-0.027618,-0.195573,-0.351133,

-1.377902,-0.577733,0.026639,
-0.557041,0.213372,0.305173,
0.304725,0.582597,0.211669,

0.444672,0.066035,-0.144779,
-0.131601,-0.173404,0.028253,
-0.273686,-0.166625,-0.093436,

-0.577495,0.234317,0.146550,
0.107546,0.160833,0.751524,
-0.459594,-0.187889,0.420777,

-0.404693,-0.517937,-0.342032,
-0.818201,-0.387836,0.038825,
-0.144203,0.289549,0.293869,

-1.712912,-0.230875,0.198044,
-0.100422,0.313473,-0.207416,
-0.008761,0.247684,-0.140514,

0.098979,0.026434,0.261125,
0.250317,0.265206,-0.006242,
-0.084323,-0.029740,-0.338748,

-0.035878,0.141578,0.226838,
0.273196,0.182711,0.031465,
0.080873,-0.132592,-0.319880,

-1.646373,-0.858329,-0.155802,
-0.968251,-0.134864,0.368742,
-0.063122,0.166891,1.160403,

-0.352826,-0.021227,0.248829,
0.382380,0.041737,-0.129456,
0.025710,-0.403163,-0.357202,

-0.641818,-0.580141,0.089636,
-1.093393,-0.468223,0.331840,
-0.166509,0.442300,0.622214,

0.742810,0.897904,-0.094771,
0.767278,0.233328,-1.151587,
0.288790,-0.678090,-1.705054,

0.151438,0.439457,0.205731,
0.348067,0.401515,0.102842,
0.243415,0.077645,-0.229663,

0.511548,0.032541,-0.045324,
0.304790,-0.308939,-0.003961,
-0.002037,-0.184381,-0.216822,

0.133757,-0.018512,0.179081,
0.111776,0.196932,0.452610,
0.001640,-0.138634,-0.105902,

-0.013249,-0.055216,0.028774,
0.046218,-0.117609,0.020452,
0.002836,-0.118706,0.021177,

0.194358,-0.062992,-0.316809,
0.377553,-0.414327,-0.247927,
0.006688,-0.182040,-0.004164,

0.027055,0.147276,0.404896,
0.035653,0.198474,0.272643,
-0.172338,0.275260,0.566926,

-0.036058,-0.007247,0.014874,
-0.034095,-0.005081,0.081142,
-0.108651,0.034146,-0.003326,

0.613296,0.214485,0.088932,
0.138427,0.153375,0.593661,
-0.845410,-0.702160,0.494270,

-0.113048,0.513377,-0.167734,
-0.596999,0.527934,0.321926,
-0.075955,-0.951317,-0.172030,

0.170353,-0.095048,-0.007134,
0.141767,0.085810,-0.099201,
0.045263,0.126393,0.053124,

0.162503,0.024049,-0.106215,
0.250657,0.172968,-0.347053,
-0.246170,0.124654,-0.132341,

0.716538,0.003692,-0.483672,
0.315162,0.339176,-0.702018,
0.042421,0.235819,-0.322578,

0.299314,-0.561127,0.054881,
0.210997,-0.078114,-0.731848,
-0.115258,0.001889,-0.344031,

0.241888,0.267839,-0.070923,
0.026798,0.030561,0.037959,
-0.183806,-0.339952,-0.083191,

-0.089609,-0.755812,-0.572754,
-0.079009,-0.241667,0.066909,
-0.426606,-0.088909,0.512091,

0.023434,-0.159790,-0.204858,
-0.120000,0.137168,-0.645939,
0.137619,0.078276,-0.213787,

0.021390,0.051982,-0.123524,
0.181388,0.465152,-0.034476,
-0.218916,0.258873,-0.061057,

-0.148902,0.218368,-0.456046,
-0.408587,0.309320,0.435015,
-0.383427,-0.386029,0.495904,

0.113517,-1.021875,-0.627232,
-0.537401,-0.561567,-0.828060,
-0.012762,0.523859,0.283621,

0.147258,0.414613,0.258637,
-0.076610,0.682849,0.329420,
-0.069252,0.005006,0.043656,

0.092937,0.578622,0.004328,
-0.268376,0.351829,0.325429,
0.196773,-0.587491,0.289968,

-0.033809,-0.257062,-0.494725,
-0.013203,0.053859,-0.497810,
-0.580534,-0.017368,-0.157211,

0.158982,0.459713,0.005422,
-0.413906,0.058662,-0.131218,
-0.208303,-0.125058,-0.495726,

0.272041,0.268319,-0.767631,
-0.253025,-0.044191,0.128181,
0.525291,0.335148,0.496303,

0.136968,0.137670,0.059026,
-0.292259,0.119119,-0.039119,
-0.179744,-0.242830,-0.003729,

-0.270513,-0.442591,-0.370453,
-0.068070,-0.217890,0.008407,
-0.627000,-0.085680,0.095583,

-0.145795,0.330446,0.307737,
-0.107755,0.059643,0.276933,
-0.446116,-0.101251,-0.073079,

0.004483,-0.193826,-0.253126,
0.049120,-0.391743,0.221752,
0.330983,0.006320,0.328793,

-0.074188,-0.157577,-0.283733,
0.198945,0.041526,-0.050718,
0.388328,-0.028384,-0.112905,

-0.306930,-0.035996,-0.404522,
-0.245698,-0.041180,0.199628,
-0.199914,0.044678,0.485336,

-0.010506,-0.294043,-0.197348,
-0.262145,-0.342502,0.102309,
-0.309385,0.264423,0.046579,

0.356987,0.154079,-0.043151,
-0.096167,0.119029,0.062145,
-0.466390,-0.241821,0.126985,

-0.024646,-0.340790,-0.226780,
-0.332436,0.212736,0.715393,
-0.326541,-0.323222,0.296396,

-0.052074,0.230304,-0.428502,
-0.200702,0.542287,0.447707,
0.223394,0.211055,0.458960,

-0.190573,-0.385618,-0.872281,
0.068007,0.107499,-0.381050,
-0.123502,0.041019,0.158561,

0.065254,0.197368,-0.004205,
-0.063974,0.069966,0.143597,
-0.080543,0.003439,0.121158,

0.469664,-0.181973,-1.108844,
0.437085,0.523951,-0.551098,
0.001416,0.409912,-0.336385,

-0.533023,-0.133880,-0.263551,
-0.340339,0.148681,-0.008851,
0.009468,0.035437,-0.037346,

0.033484,0.031521,-0.045694,
0.058391,-0.030067,-0.023742,
-0.120706,-0.058624,0.006930,

0.054103,0.287033,-0.082043,
-0.030765,0.085897,-0.123755,
-0.437185,-0.046308,-0.237203,

-0.099211,0.023927,0.110845,
-0.072477,-0.141080,0.165251,
0.448272,-0.374965,-0.179654,

-0.001407,-0.068550,0.050637,
-0.016591,-0.010003,-0.069887,
0.041565,0.065877,-0.013023,

-0.397635,0.229529,0.570160,
-0.506977,-0.772040,0.319383,
-0.028744,-0.113061,0.011630,

-0.228336,0.231711,0.360737,
0.061531,-0.341524,0.117562,
0.047738,0.091729,-0.073041,

-0.003094,0.082132,-0.510192,
-0.499200,-0.398617,-0.855047,
-0.171539,-0.063782,-0.580285,

0.245394,0.000787,-0.333422,
0.087293,0.267796,-0.249157,
-0.163482,0.132938,-0.221977,

-0.128733,0.113913,-0.094079,
-0.273511,-0.303849,-0.047141,
-0.088795,0.213265,-0.015546,

-0.609307,0.171860,0.752541,
0.001360,-0.730511,0.164397,
0.325550,-0.050877,-0.339815,

-0.018181,0.097988,-0.715790,
-0.043433,0.350220,-0.703475,
0.738646,0.188367,-0.181546,

0.216979,0.214970,0.165925,
-0.171551,0.162461,-0.279530,
-0.576291,-0.183297,-0.046849,

-0.373277,-0.193081,-0.001063,
-0.049907,-0.591226,-0.019643,
0.329485,0.037331,-0.146976,

-0.616935,0.497712,0.600466,
-0.477910,0.017639,0.572827,
-0.156924,-0.003655,0.053079,

0.320745,0.026373,-0.389335,
-0.001461,0.483726,0.281630,
0.000833,-0.076461,0.406980,

-0.039540,0.033924,0.093630,
-0.192835,-0.230229,-0.242111,
-0.047010,-0.112402,-0.127550,

0.319571,0.393329,-0.388891,
-0.259813,0.661359,0.203139,
-0.692631,-0.157659,0.430899,

0.527490,-0.306321,0.162535,
-0.346357,-0.193872,-0.441320,
-0.211402,-0.246341,-0.126846,

0.022495,-0.066141,0.254072,
0.011952,0.054996,-0.272839,
0.005777,0.020525,-0.194690,

-0.177850,0.098614,-0.043861,
-0.379020,-0.474325,-0.096743,
-0.083312,-0.026282,0.126784,

-0.241276,-0.024996,-0.202585,
-0.169921,-0.114379,-0.013293,
0.583678,-0.274873,-0.193373,

-0.331979,-0.278659,-0.492202,
-0.152905,-0.084940,-0.174553,
-0.037715,-0.033828,0.113308,

-0.214034,0.113120,0.443385,
-0.013450,0.055814,0.132238,
-0.194126,0.201725,0.156430,

-0.168805,-0.266955,-0.111626,
-0.448507,-0.372132,-0.428611,
-0.043956,0.074541,-0.300314,

-0.241735,0.059855,0.005076,
-0.355162,-0.146582,-0.014956,
0.001146,-0.236418,0.074724,

0.156308,-0.012261,0.035661,
0.065657,0.142457,-0.073405,
-0.228243,-0.165154,-0.027763,

-0.105923,-0.937360,-0.763490,
0.238884,0.201465,-0.211479,
-0.398046,0.264776,0.414003,

-0.132380,-0.545948,0.361782,
0.230383,0.313141,0.118156,
0.148198,0.510566,-0.232385,

-0.225229,-0.511193,-0.319512,
-0.229574,-0.329734,-0.404923,
-0.362190,-0.205081,0.167461,

-0.109101,0.022006,0.008051,
0.050183,-0.120577,-0.123907,
-0.212515,-0.085728,-0.032589,

0.063954,-0.387429,-0.007575,
0.129473,0.449686,0.050900,
-0.359616,0.089304,-0.020395,

0.002224,-0.203907,-0.377758,
-0.211454,-0.304193,-0.697496,
-0.049002,-0.264706,-0.503551,

-0.093049,0.045137,0.157744,
0.054476,-0.059874,0.011777,
0.102531,-0.033105,-0.058081,

0.009228,-0.242731,-0.398389,
-0.037283,-0.055929,-0.010661,
0.132607,0.078790,0.281654,

-0.129741,0.153971,-0.025422,
0.097187,0.193505,0.310869,
0.448749,0.435831,0.347606,

0.084608,-0.094611,-0.081023,
0.043396,-0.035587,0.069273,
0.027621,0.107817,0.056427,

0.050253,0.367877,0.425546,
-0.121175,0.325079,0.392778,
-0.350734,-0.272287,0.204476,

-0.039952,-0.046639,0.143979,
-0.267125,0.024538,0.085794,
-0.710840,-0.505291,-0.030668,

0.066505,-0.204092,-0.055331,
0.074838,0.177432,0.337679,
0.300141,0.018088,0.335929,

-0.243040,-0.162553,-0.404016,
-0.190806,-0.318852,-0.157174,
0.500561,0.280501,0.249817,

-0.255494,-0.341582,-0.183203,
0.095421,-0.069390,0.146132,
0.270319,0.292440,0.494532,

0.057508,-0.092883,0.120976,
0.103571,0.300333,0.265092,
-0.125845,-0.045055,0.074772,

-0.239617,0.005766,0.121740,
0.195610,0.331315,0.204279,
0.235522,0.177991,0.157687,

0.111839,-0.364027,0.057746,
-0.330259,-0.199096,0.044599,
0.138115,0.132522,0.408046,

0.463729,0.209492,-0.041126,
-0.121238,-0.004082,0.020352,
-0.613032,-0.351072,-0.086957,

0.026953,0.157503,0.161569,
-0.321210,-0.179689,-0.120311,
-0.233806,-0.313356,-0.310553,

-0.000442,-0.036425,0.260521,
0.041342,0.082272,0.009837,
-0.037497,-0.139878,0.104981,

0.128090,-0.047698,-0.255451,
0.259585,0.156729,0.128647,
-0.010317,-0.014917,0.154059,

-0.231414,-0.006294,0.024705,
0.156648,0.192835,0.209769,
0.223790,0.009961,0.135364,

-0.328501,0.089621,0.447188,
-0.504151,-0.486587,0.269872,
-0.022276,0.104474,0.383555,

-0.292112,-0.406970,-0.415979,
-0.029911,0.067836,-0.016571,
-0.110396,-0.188556,-0.115923,

0.001131,-0.018916,0.220005,
-0.283985,-0.155592,-0.121836,
0.172351,0.329924,0.277426,

0.176828,0.105205,0.076465,
-0.038965,0.237188,0.250867,
-0.258776,0.200518,0.099712,

0.223298,0.107312,-0.117126,
-0.186867,-0.218842,-0.077324,
-0.296418,-0.513956,-0.301797,

0.171245,0.159489,-0.079968,
-0.133085,0.380824,0.398582,
-0.022580,0.030023,0.331808,

0.334953,0.058965,-0.507250,
-0.159017,-0.105800,0.062064,
-0.368020,-0.697978,-0.065683,

-0.067578,0.048632,-0.138718,
0.142833,0.154905,0.069642,
0.008712,-0.162707,0.015339,

-0.399438,-0.251966,-0.621861,
-0.020942,-0.139821,-0.216600,
0.661006,0.607466,0.500002,

0.283346,0.052746,0.429534,
0.542978,0.150442,0.473534,
0.279236,0.499866,0.315035,

0.078665,0.063344,0.115702,
0.061380,0.112872,0.060276,
-0.586034,-0.311856,-0.029122,

0.049597,-0.025009,0.174511,
-0.489164,-0.252140,0.081076,
-0.650944,-0.348494,-0.129248,

-0.062877,-0.116465,-0.001938,
0.023319,0.084570,0.084119,
0.137978,0.033013,-0.000559,

-0.105807,-0.126033,0.155469,
0.219421,0.281129,0.342206,
-0.637587,-0.201386,0.048110,

-0.462146,-0.381822,-0.127154,
-0.125620,0.220185,0.055547,
0.127583,0.270796,0.126421,

-0.150206,0.087847,0.005528,
-0.112307,-0.041349,-0.107585,
0.052182,0.025117,0.023341,

-0.730987,-1.478902,-2.150674,
-1.722581,-1.293745,-1.749272,
-1.352536,-0.751882,-0.753384,

-0.312304,-0.454070,-0.579703,
-0.377601,0.014833,0.074017,
-0.117430,0.143432,0.181268,

0.040038,0.010614,0.153712,
0.046187,-0.003188,0.065850,
-0.086420,0.039851,-0.047305,

0.048224,0.101489,0.265223,
0.207573,0.249555,0.228013,
-0.452715,-0.696857,-0.608865,

0.256051,0.282805,0.367944,
0.361851,0.391354,0.309219,
0.419142,0.465053,0.306355,

-0.268783,-0.229969,0.028612,
-0.268209,0.058498,0.060234,
0.010622,-0.105312,0.155998,

-0.813194,-0.858340,-1.114302,
-0.294313,-1.439753,-1.052086,
-0.324105,-0.525781,-0.204314,

0.334157,-0.368784,-0.193272,
-0.263774,-0.627452,-0.433911,
-0.188792,-0.408533,-0.122352,

0.142633,-0.039063,-0.050245,
-0.096761,-0.259746,-0.687159,
-0.752569,-0.828736,-1.215348,

0.139097,0.410299,0.161975,
0.422843,0.448624,0.208074,
0.314093,0.680113,0.286926,

0.037858,-0.374895,-0.102364,
0.043866,-0.172965,0.063856,
0.276574,0.272860,0.409244,

-0.309962,-0.616381,0.098151,
0.297300,-0.086902,-0.143446,
0.419536,0.033215,0.143622,

0.046751,-0.128628,-0.184861,
-0.126563,0.220562,0.118210,
0.202715,0.318190,0.205358,

-0.090687,-0.280753,-0.780842,
-0.193528,-0.123137,-0.062309,
0.062999,-0.207544,0.108830,

-0.478749,-0.961674,-0.336194,
-0.188974,0.095915,-0.079877,
0.388495,0.113391,0.034544,

-0.912797,-0.977523,-0.433151,
0.009716,0.173123,0.308521,
0.193210,0.378694,0.440700,

0.086705,-0.124952,-0.098933,
-0.000668,-0.692758,-0.277874,
-0.681483,-0.352346,-0.236933,

-0.137024,-0.365834,-0.704561,
-1.059058,-1.128505,-1.776835,
-1.315252,-0.890262,-0.843919,

0.141866,0.044071,0.263091,
-0.107646,0.173775,0.066004,
-0.214240,-0.101138,-0.079937,

0.297026,0.094796,0.046386,
0.282770,0.423953,0.217339,
0.206722,0.365875,0.132666,

0.292888,0.092218,0.046224,
0.216591,0.038867,-0.111546,
0.299195,0.122896,-0.019312,

-0.098901,-0.015172,-0.019312,
0.215699,0.303111,-0.008676,
0.260009,-0.065017,0.104398,

0.245985,0.291750,-0.147895,
0.128620,0.226469,-0.387373,
0.547016,-0.015351,-0.422838,

-0.231606,-0.205619,-0.243810,
-0.173030,-0.080771,-0.171744,
0.432219,0.151217,-0.013953,

-0.091476,-0.155794,-0.311769,
-0.432897,-0.956799,-0.585878,
-0.074848,-0.432869,-0.164960,

-0.284967,-0.062040,0.337029,
-0.189998,-0.226097,0.265155,
0.215994,-0.239835,0.238545,

0.177632,-0.126184,-0.072059,
-0.058248,-0.387077,0.026650,
0.171378,-0.390582,0.062014,

-0.088383,-0.156113,-0.100967,
0.142254,0.167041,-0.062921,
0.361927,0.372980,0.111606,

-0.085387,0.041557,-0.095432,
0.019695,0.119864,-0.074768,
0.001282,-0.126172,0.081622,

-0.272045,-0.201223,-0.086464,
-0.407168,-0.175310,-0.064148,
-0.384046,-0.639266,-0.003876,

-0.174153,-0.068274,0.015321,
-0.063049,0.237907,0.104395,
-0.056406,-0.080415,0.053760,

-0.083546,0.078531,0.124820,
-0.130689,0.041175,0.027282,
-0.052867,-0.078868,-0.146002,

-0.449720,0.013273,0.596877,
-0.488167,-0.075325,0.022199,
-0.064026,-0.111520,-0.600772,

0.072962,-0.193363,0.027461,
0.060013,-0.790231,-0.208457,
0.180299,-0.432921,-0.347691,

0.015588,-0.007066,-0.066311,
-0.032744,-0.104590,-0.065940,
-0.054965,-0.032862,-0.013051,

0.114072,0.118712,-0.007524,
0.156878,0.228549,-0.321631,
-0.016283,-0.401958,-0.845093,

-0.042678,-0.309877,-0.459989,
-0.141657,-0.175823,-0.224123,
-0.036589,-0.166606,-0.116881,

0.290444,0.394604,0.347330,
0.186352,-0.428977,-0.439837,
0.216560,-0.102595,0.056954,

-0.238252,-0.084627,0.082285,
-0.154244,0.077447,-0.006271,
-0.044560,0.136543,0.002867,

-0.130614,-0.123660,0.062305,
-0.169300,-0.488952,-0.221421,
-0.160096,-0.050861,-0.136887,

-0.043029,-0.183289,0.042024,
0.144275,-0.102589,0.003587,
0.255832,-0.113660,-0.034489,

-0.353598,-0.054165,0.034458,
-0.268586,-0.423763,0.118429,
-0.455877,-0.981387,-0.422644,

0.087939,-0.004895,0.475315,
-0.074807,-0.279114,0.296195,
-0.138759,0.168478,0.081038,

-0.086586,0.164330,-0.288419,
-0.056626,0.384224,-0.157898,
0.235512,0.038213,0.045422,

-0.236442,0.224641,0.194407,
-0.164219,-0.023818,0.104055,
-0.203358,-0.101392,0.113924,

-0.574518,0.413883,0.172338,
-0.283856,0.445119,0.075676,
-0.137753,0.410409,0.057076,

0.285848,-0.264502,-0.059120,
0.059912,-0.150814,0.029197,
0.027522,-0.385264,0.107963,

-0.058138,-0.153876,-0.171420,
-0.088158,-0.127547,-0.259541,
-0.106006,-0.180208,-0.194383,

-0.115036,0.215134,0.034232,
-0.254596,0.220384,-0.409356,
-0.318793,-0.337636,-0.271211,

-0.089358,-0.158867,-0.099376,
0.115799,0.095998,-0.144520,
0.052367,0.232709,-0.128864,

-0.020715,-0.227843,-0.570492,
-0.663250,-0.639321,-1.360986,
-0.290665,-0.259462,-0.482192,

0.194317,0.253687,0.242611,
-0.326810,-0.249444,0.224013,
-0.664216,-0.239871,-0.278902,

-0.066238,-0.055585,0.075979,
0.129093,-0.033474,0.301566,
0.299130,0.216990,0.322680,

-0.200297,-0.065603,-0.384721,
-0.147345,-0.065834,-0.516764,
0.127490,0.027726,-0.305638,

0.147427,-0.186700,-0.379510,
-0.020986,-0.080099,-0.050524,
0.215498,0.056939,0.185788,

0.231813,-0.427358,-0.035469,
0.209517,-0.507550,-0.027545,
0.334582,-0.198238,0.036061,

-0.291530,-0.204722,0.398950,
-0.171741,-0.241957,0.348125,
-0.041088,-0.093395,0.221727,

-0.050977,0.135368,-0.073150,
-0.003222,0.138840,-0.049522,
-0.333946,-0.024539,-0.438923,

0.277181,-0.598313,0.415487,
0.294415,-0.408078,0.476453,
0.324013,-0.173805,0.262054,

-0.220961,0.421001,0.080636,
-0.476290,-0.031748,-0.067095,
0.004118,0.054048,0.106423,

-0.087011,-0.053658,-0.097946,
0.040532,0.026688,-0.044535,
-0.000004,0.016383,0.004276,

-0.087279,0.160349,0.114405,
0.195419,-0.596488,-0.172316,
-0.112465,0.292937,0.234044,

-0.099704,0.007225,-0.134093,
-0.137241,-0.077581,0.026987,
-0.408171,-0.344830,-0.180144,

0.069762,-0.040808,0.073785,
0.169779,0.014895,0.054077,
0.023925,0.018524,-0.008511,

0.347021,0.461622,0.117257,
0.431475,-0.116441,-0.075741,
0.049359,-1.307189,-1.233805,

-1.691738,-0.492700,0.439280,
0.098747,-0.369623,0.333981,
0.526390,0.685282,-0.328446,

-0.087045,0.085160,0.054712,
-0.115126,-0.026512,0.093579,
-0.113698,0.055937,0.159240,

-0.234713,-0.086874,-0.656328,
-0.148697,0.162950,-0.452998,
-0.127473,0.209993,-0.269620,

0.263070,0.605305,0.146275,
0.250359,0.154016,-0.242721,
-0.056885,-0.068680,-0.194070,

0.186026,0.305597,0.054745,
-0.126556,0.160738,-0.098630,
-0.520767,0.002009,0.424366,

0.076576,0.031274,0.091005,
-0.104000,-0.425987,0.241024,
-0.293256,-0.744018,0.069009,

-0.070212,0.171486,-0.676599,
-0.133926,-0.882748,0.486769,
0.039122,-1.405640,-0.157465,

-0.397924,0.043616,-0.153861,
-0.174269,0.086609,0.173193,
0.089982,0.506466,0.173431,

0.488365,-0.516648,-0.829188,
0.616003,0.052279,-0.909499,
-0.037372,-0.206336,-0.947049,

-0.517046,0.148372,-0.037039,
-0.480707,-0.340230,0.158889,
0.297416,-0.957084,-0.746109,

0.488166,0.066434,-1.170653,
0.661769,-0.125156,-0.136887,
-0.278987,0.389775,0.690104,

-0.660087,-0.165596,0.304059,
0.088073,-0.122876,0.379248,
0.664815,0.094629,-0.447553,

-0.960630,-0.392912,0.189140,
0.075385,-0.215700,0.402076,
0.600145,0.275608,-0.190039,

-0.019380,0.420488,-0.047379,
0.154567,0.120455,-1.036361,
-0.256506,-1.112124,-0.846165,

-0.316892,0.140680,0.256124,
-0.728802,-0.389396,-0.597776,
0.101278,0.174254,-0.222208,

-0.391685,-0.121385,-0.340988,
-0.377576,0.374634,0.781818,
0.213800,0.589479,1.480798,

-0.148925,0.101929,0.060579,
-0.303698,-0.378368,-0.482342,
0.179834,-0.150411,-0.926020,

0.154440,-0.311318,-0.217537,
-0.352307,-0.563762,-0.811372,
-0.278961,-0.273246,-0.575538,

-0.098771,-0.899807,-0.580209,
0.050024,-0.051279,-0.658948,
0.133641,-0.300937,-0.277973,

0.037608,-0.041682,-0.505032,
0.518830,0.323694,-0.468896,
0.222080,0.097244,0.351315,

0.107169,-0.249268,-0.601402,
0.426138,0.473834,-0.180557,
0.273273,0.398100,0.481395,

0.217584,-0.139571,-0.827632,
0.501189,0.255389,-0.423210,
-0.019961,-0.282880,0.275875,

0.168585,0.378398,-0.273497,
0.225021,0.244145,-1.033784,
0.052911,-0.358804,-0.145784,

0.052801,0.268301,0.214104,
0.067907,-0.065982,0.233506,
-0.244728,-0.557185,-0.083900,

-0.322969,-0.951010,-0.255640,
0.250845,-0.474446,-0.179834,
-0.013212,-0.577092,-1.375602,

-0.483831,-0.568359,0.136951,
-0.339908,-0.243754,0.540914,
0.266760,0.167526,0.186870,

0.447135,0.174923,-0.660019,
0.547733,0.317205,-0.371513,
-0.251432,-0.448687,0.037560,

-0.079911,0.002672,0.022377,
0.142857,-0.102483,-0.176071,
-0.072755,0.140899,-0.248351,

-0.732276,-0.350749,0.391759,
-0.535102,-0.166255,0.352733,
-0.282563,0.152371,-0.426248,

-0.104699,-0.193413,-0.460693,
0.261026,-0.263470,-0.460967,
-0.361638,-0.246590,-0.363945,

0.045980,0.001757,-0.109896,
0.130067,0.074724,0.016377,
-0.024094,0.007027,-0.070541,

-0.047637,0.119953,-0.292472,
-0.666673,0.367015,0.382860,
-0.478986,-0.008573,0.096291,

-0.354732,-0.252533,-0.151896,
-0.545823,-0.992347,-1.167215,
-1.170523,-1.112401,-0.876081,

-0.030336,-0.111451,0.008477,
0.093408,0.079587,-0.063872,
-0.064897,-0.007489,0.054559,

0.224740,-0.232495,0.067622,
-0.677321,-0.293413,0.057771,
-0.084422,-0.275504,-0.090539,

0.411681,0.533656,0.058123,
0.285166,0.081844,-0.222321,
0.258166,0.292628,-0.079705,

-0.107317,-0.149788,-0.242673,
0.219506,0.033000,-0.269663,
-0.393605,-0.239702,-0.480028,

0.545695,0.533068,-0.017916,
0.330277,-0.071231,-0.492744,
-0.157481,-0.535220,-0.715331,

-0.380143,-0.537987,-0.384540,
-0.532463,-1.021681,-0.852172,
-1.547168,-1.210938,-1.646092,

-0.324014,-0.411967,-0.377540,
0.252436,0.177579,-0.367608,
0.121484,0.106301,-0.583207,

-0.003422,0.323229,0.260638,
0.328071,0.060631,0.156890,
0.496834,0.533927,0.516763,

0.244189,-0.050004,0.198477,
-0.195815,0.024153,0.072236,
-0.434216,0.080419,0.376461,

0.090910,0.355354,-0.221752,
0.083233,-0.350226,-0.203463,
-0.181957,-0.247256,-0.337574,

0.152465,0.534988,0.020382,
-0.018390,-0.414855,0.292001,
-0.361253,0.516356,0.376973,

0.179674,-0.115281,-0.058460,
-0.082716,0.212873,-0.359412,
-0.049241,-0.324294,-0.116984,

0.347652,0.222753,-0.405683,
-0.422280,-0.048180,-0.190427,
-0.188730,-0.264349,0.161164,

0.544916,-0.074261,-0.602885,
0.079524,0.486962,-0.143952,
0.348906,-0.115127,0.112210,

-0.911750,-1.274551,-0.504565,
-0.330325,-0.727074,0.185587,
-0.750740,-0.415001,-0.316974,

0.260052,-0.166382,-0.030977,
0.087415,-0.068779,-0.355003,
-0.123690,-0.126199,-0.352265,

-0.169746,-0.193843,-0.472039,
-0.373493,-0.084043,-0.091963,
0.072376,0.078932,-0.343924,

-0.089758,-0.479671,-0.738587,
-0.618568,-0.290168,0.035940,
-0.275633,-0.135573,-0.221005,

0.434764,0.238878,0.209855,
0.098612,0.095767,0.067540,
-0.016430,-0.157887,0.056328,

-0.902520,-0.450906,-0.708360,
-0.487509,-0.148066,0.087241,
-0.449137,-0.293252,-0.270899,

-0.087469,-0.123707,-0.547432,
-0.178353,0.032388,-0.103167,
-0.252117,-0.429024,-0.380781,

0.228996,0.741315,-0.154438,
-0.209121,0.089656,0.026831,
-0.121635,-0.345089,0.183384,

0.209796,0.155734,-0.252916,
0.075324,-0.316525,-0.267211,
-0.292334,-0.364182,-0.274134,

-0.836554,-0.453970,-0.204354,
-0.037319,0.293120,-0.478330,
0.063955,0.684865,-0.692668,

-0.204736,0.065368,0.081515,
0.195993,-0.559305,-0.222578,
-0.015129,-0.364779,-0.464782,

0.172658,0.529533,-0.040306,
-0.165092,0.252858,0.598882,
0.186732,0.061977,0.277435,

0.140687,0.117839,-0.049275,
0.079586,-0.000723,-0.067702,
0.060815,0.007510,0.062227,

0.121003,-0.618118,-0.210364,
0.067590,-0.102549,-0.624943,
-0.140309,-0.120608,-1.094948,

0.253793,-0.077984,-0.007136,
-0.117812,-0.212403,-0.060026,
0.276242,0.000836,-0.114356,

